0.0  0.0  1.0
0.0  1.0e-2  0.99
0.0  2.0e-2  0.98
0.0  3.0e-2  0.97
0.0  4.0e-2  0.96
0.0  5.0e-2  0.95
0.0  6.0e-2  0.94
0.0  7.0e-2  0.93
0.0  8.0e-2  0.92
0.0  9.0e-2  0.91
0.0  0.1  0.9
0.0  0.11  0.89
0.0  0.12  0.88
0.0  0.13  0.87
0.0  0.14  0.86
0.0  0.15  0.85
0.0  0.16  0.84
0.0  0.17  0.83
0.0  0.18  0.82
0.0  0.19  0.81
0.0  0.2  0.8
0.0  0.21  0.79
0.0  0.22  0.78
0.0  0.23  0.77
0.0  0.24  0.76
0.0  0.25  0.75
0.0  0.26  0.74
0.0  0.27  0.73
0.0  0.28  0.72
0.0  0.29  0.71
0.0  0.3  0.7
0.0  0.31  0.69
0.0  0.32  0.68
0.0  0.33  0.67
0.0  0.34  0.66
0.0  0.35  0.65
0.0  0.36  0.64
0.0  0.37  0.63
0.0  0.38  0.62
0.0  0.39  0.61
0.0  0.4  0.6
0.0  0.41  0.59
0.0  0.42  0.58
0.0  0.43  0.57
0.0  0.44  0.56
0.0  0.45  0.55
0.0  0.46  0.54
0.0  0.47  0.53
0.0  0.48  0.52
0.0  0.49  0.51
0.0  0.5  0.5
0.0  0.51  0.49
0.0  0.52  0.48
0.0  0.53  0.47
0.0  0.54  0.46
0.0  0.55  0.45
0.0  0.56  0.44
0.0  0.57  0.43
0.0  0.58  0.42
0.0  0.59  0.41
0.0  0.6  0.4
0.0  0.61  0.39
0.0  0.62  0.38
0.0  0.63  0.37
0.0  0.64  0.36
0.0  0.65  0.35
0.0  0.66  0.34
0.0  0.67  0.33
0.0  0.68  0.32
0.0  0.69  0.31
0.0  0.7  0.3
0.0  0.71  0.29
0.0  0.72  0.28
0.0  0.73  0.27
0.0  0.74  0.26
0.0  0.75  0.25
0.0  0.76  0.24
0.0  0.77  0.23
0.0  0.78  0.22
0.0  0.79  0.21
0.0  0.8  0.2
0.0  0.81  0.19
0.0  0.82  0.18
0.0  0.83  0.17
0.0  0.84  0.16
0.0  0.85  0.15
0.0  0.86  0.14
0.0  0.87  0.13
0.0  0.88  0.12
0.0  0.89  0.11
0.0  0.9  0.1
0.0  0.91  9.0e-2
0.0  0.92  8.0e-2
0.0  0.93  7.0e-2
0.0  0.94  6.0e-2
0.0  0.95  5.0e-2
0.0  0.96  4.0e-2
0.0  0.97  3.0e-2
0.0  0.98  2.0e-2
0.0  0.99  1.0e-2
0.0  1.0  0.0
1.0e-2  0.0  0.99
1.0e-2  1.0e-2  0.98
1.0e-2  2.0e-2  0.97
1.0e-2  3.0e-2  0.96
1.0e-2  4.0e-2  0.95
1.0e-2  5.0e-2  0.94
1.0e-2  6.0e-2  0.93
1.0e-2  7.0e-2  0.92
1.0e-2  8.0e-2  0.91
1.0e-2  9.0e-2  0.9
1.0e-2  0.1  0.89
1.0e-2  0.11  0.88
1.0e-2  0.12  0.87
1.0e-2  0.13  0.86
1.0e-2  0.14  0.85
1.0e-2  0.15  0.84
1.0e-2  0.16  0.83
1.0e-2  0.17  0.82
1.0e-2  0.18  0.81
1.0e-2  0.19  0.8
1.0e-2  0.2  0.79
1.0e-2  0.21  0.78
1.0e-2  0.22  0.77
1.0e-2  0.23  0.76
1.0e-2  0.24  0.75
1.0e-2  0.25  0.74
1.0e-2  0.26  0.73
1.0e-2  0.27  0.72
1.0e-2  0.28  0.71
1.0e-2  0.29  0.7
1.0e-2  0.3  0.69
1.0e-2  0.31  0.68
1.0e-2  0.32  0.67
1.0e-2  0.33  0.66
1.0e-2  0.34  0.65
1.0e-2  0.35  0.64
1.0e-2  0.36  0.63
1.0e-2  0.37  0.62
1.0e-2  0.38  0.61
1.0e-2  0.39  0.6
1.0e-2  0.4  0.59
1.0e-2  0.41  0.58
1.0e-2  0.42  0.57
1.0e-2  0.43  0.56
1.0e-2  0.44  0.55
1.0e-2  0.45  0.54
1.0e-2  0.46  0.53
1.0e-2  0.47  0.52
1.0e-2  0.48  0.51
1.0e-2  0.49  0.5
1.0e-2  0.5  0.49
1.0e-2  0.51  0.48
1.0e-2  0.52  0.47
1.0e-2  0.53  0.46
1.0e-2  0.54  0.45
1.0e-2  0.55  0.44
1.0e-2  0.56  0.43
1.0e-2  0.57  0.42
1.0e-2  0.58  0.41
1.0e-2  0.59  0.4
1.0e-2  0.6  0.39
1.0e-2  0.61  0.38
1.0e-2  0.62  0.37
1.0e-2  0.63  0.36
1.0e-2  0.64  0.35
1.0e-2  0.65  0.34
1.0e-2  0.66  0.33
1.0e-2  0.67  0.32
1.0e-2  0.68  0.31
1.0e-2  0.69  0.3
1.0e-2  0.7  0.29
1.0e-2  0.71  0.28
1.0e-2  0.72  0.27
1.0e-2  0.73  0.26
1.0e-2  0.74  0.25
1.0e-2  0.75  0.24
1.0e-2  0.76  0.23
1.0e-2  0.77  0.22
1.0e-2  0.78  0.21
1.0e-2  0.79  0.2
1.0e-2  0.8  0.19
1.0e-2  0.81  0.18
1.0e-2  0.82  0.17
1.0e-2  0.83  0.16
1.0e-2  0.84  0.15
1.0e-2  0.85  0.14
1.0e-2  0.86  0.13
1.0e-2  0.87  0.12
1.0e-2  0.88  0.11
1.0e-2  0.89  0.1
1.0e-2  0.9  9.0e-2
1.0e-2  0.91  8.0e-2
1.0e-2  0.92  7.0e-2
1.0e-2  0.93  6.0e-2
1.0e-2  0.94  5.0e-2
1.0e-2  0.95  4.0e-2
1.0e-2  0.96  3.0e-2
1.0e-2  0.97  2.0e-2
1.0e-2  0.98  1.0e-2
1.0e-2  0.99  0.0
2.0e-2  0.0  0.98
2.0e-2  1.0e-2  0.97
2.0e-2  2.0e-2  0.96
2.0e-2  3.0e-2  0.95
2.0e-2  4.0e-2  0.94
2.0e-2  5.0e-2  0.93
2.0e-2  6.0e-2  0.92
2.0e-2  7.0e-2  0.91
2.0e-2  8.0e-2  0.9
2.0e-2  9.0e-2  0.89
2.0e-2  0.1  0.88
2.0e-2  0.11  0.87
2.0e-2  0.12  0.86
2.0e-2  0.13  0.85
2.0e-2  0.14  0.84
2.0e-2  0.15  0.83
2.0e-2  0.16  0.82
2.0e-2  0.17  0.81
2.0e-2  0.18  0.8
2.0e-2  0.19  0.79
2.0e-2  0.2  0.78
2.0e-2  0.21  0.77
2.0e-2  0.22  0.76
2.0e-2  0.23  0.75
2.0e-2  0.24  0.74
2.0e-2  0.25  0.73
2.0e-2  0.26  0.72
2.0e-2  0.27  0.71
2.0e-2  0.28  0.7
2.0e-2  0.29  0.69
2.0e-2  0.3  0.68
2.0e-2  0.31  0.67
2.0e-2  0.32  0.66
2.0e-2  0.33  0.65
2.0e-2  0.34  0.64
2.0e-2  0.35  0.63
2.0e-2  0.36  0.62
2.0e-2  0.37  0.61
2.0e-2  0.38  0.6
2.0e-2  0.39  0.59
2.0e-2  0.4  0.58
2.0e-2  0.41  0.57
2.0e-2  0.42  0.56
2.0e-2  0.43  0.55
2.0e-2  0.44  0.54
2.0e-2  0.45  0.53
2.0e-2  0.46  0.52
2.0e-2  0.47  0.51
2.0e-2  0.48  0.5
2.0e-2  0.49  0.49
2.0e-2  0.5  0.48
2.0e-2  0.51  0.47
2.0e-2  0.52  0.46
2.0e-2  0.53  0.45
2.0e-2  0.54  0.44
2.0e-2  0.55  0.43
2.0e-2  0.56  0.42
2.0e-2  0.57  0.41
2.0e-2  0.58  0.4
2.0e-2  0.59  0.39
2.0e-2  0.6  0.38
2.0e-2  0.61  0.37
2.0e-2  0.62  0.36
2.0e-2  0.63  0.35
2.0e-2  0.64  0.34
2.0e-2  0.65  0.33
2.0e-2  0.66  0.32
2.0e-2  0.67  0.31
2.0e-2  0.68  0.3
2.0e-2  0.69  0.29
2.0e-2  0.7  0.28
2.0e-2  0.71  0.27
2.0e-2  0.72  0.26
2.0e-2  0.73  0.25
2.0e-2  0.74  0.24
2.0e-2  0.75  0.23
2.0e-2  0.76  0.22
2.0e-2  0.77  0.21
2.0e-2  0.78  0.2
2.0e-2  0.79  0.19
2.0e-2  0.8  0.18
2.0e-2  0.81  0.17
2.0e-2  0.82  0.16
2.0e-2  0.83  0.15
2.0e-2  0.84  0.14
2.0e-2  0.85  0.13
2.0e-2  0.86  0.12
2.0e-2  0.87  0.11
2.0e-2  0.88  0.1
2.0e-2  0.89  9.0e-2
2.0e-2  0.9  8.0e-2
2.0e-2  0.91  7.0e-2
2.0e-2  0.92  6.0e-2
2.0e-2  0.93  5.0e-2
2.0e-2  0.94  4.0e-2
2.0e-2  0.95  3.0e-2
2.0e-2  0.96  2.0e-2
2.0e-2  0.97  1.0e-2
2.0e-2  0.98  0.0
3.0e-2  0.0  0.97
3.0e-2  1.0e-2  0.96
3.0e-2  2.0e-2  0.95
3.0e-2  3.0e-2  0.94
3.0e-2  4.0e-2  0.93
3.0e-2  5.0e-2  0.92
3.0e-2  6.0e-2  0.91
3.0e-2  7.0e-2  0.9
3.0e-2  8.0e-2  0.89
3.0e-2  9.0e-2  0.88
3.0e-2  0.1  0.87
3.0e-2  0.11  0.86
3.0e-2  0.12  0.85
3.0e-2  0.13  0.84
3.0e-2  0.14  0.83
3.0e-2  0.15  0.82
3.0e-2  0.16  0.81
3.0e-2  0.17  0.8
3.0e-2  0.18  0.79
3.0e-2  0.19  0.78
3.0e-2  0.2  0.77
3.0e-2  0.21  0.76
3.0e-2  0.22  0.75
3.0e-2  0.23  0.74
3.0e-2  0.24  0.73
3.0e-2  0.25  0.72
3.0e-2  0.26  0.71
3.0e-2  0.27  0.7
3.0e-2  0.28  0.69
3.0e-2  0.29  0.68
3.0e-2  0.3  0.67
3.0e-2  0.31  0.66
3.0e-2  0.32  0.65
3.0e-2  0.33  0.64
3.0e-2  0.34  0.63
3.0e-2  0.35  0.62
3.0e-2  0.36  0.61
3.0e-2  0.37  0.6
3.0e-2  0.38  0.59
3.0e-2  0.39  0.58
3.0e-2  0.4  0.57
3.0e-2  0.41  0.56
3.0e-2  0.42  0.55
3.0e-2  0.43  0.54
3.0e-2  0.44  0.53
3.0e-2  0.45  0.52
3.0e-2  0.46  0.51
3.0e-2  0.47  0.5
3.0e-2  0.48  0.49
3.0e-2  0.49  0.48
3.0e-2  0.5  0.47
3.0e-2  0.51  0.46
3.0e-2  0.52  0.45
3.0e-2  0.53  0.44
3.0e-2  0.54  0.43
3.0e-2  0.55  0.42
3.0e-2  0.56  0.41
3.0e-2  0.57  0.4
3.0e-2  0.58  0.39
3.0e-2  0.59  0.38
3.0e-2  0.6  0.37
3.0e-2  0.61  0.36
3.0e-2  0.62  0.35
3.0e-2  0.63  0.34
3.0e-2  0.64  0.33
3.0e-2  0.65  0.32
3.0e-2  0.66  0.31
3.0e-2  0.67  0.3
3.0e-2  0.68  0.29
3.0e-2  0.69  0.28
3.0e-2  0.7  0.27
3.0e-2  0.71  0.26
3.0e-2  0.72  0.25
3.0e-2  0.73  0.24
3.0e-2  0.74  0.23
3.0e-2  0.75  0.22
3.0e-2  0.76  0.21
3.0e-2  0.77  0.2
3.0e-2  0.78  0.19
3.0e-2  0.79  0.18
3.0e-2  0.8  0.17
3.0e-2  0.81  0.16
3.0e-2  0.82  0.15
3.0e-2  0.83  0.14
3.0e-2  0.84  0.13
3.0e-2  0.85  0.12
3.0e-2  0.86  0.11
3.0e-2  0.87  0.1
3.0e-2  0.88  9.0e-2
3.0e-2  0.89  8.0e-2
3.0e-2  0.9  7.0e-2
3.0e-2  0.91  6.0e-2
3.0e-2  0.92  5.0e-2
3.0e-2  0.93  4.0e-2
3.0e-2  0.94  3.0e-2
3.0e-2  0.95  2.0e-2
3.0e-2  0.96  1.0e-2
3.0e-2  0.97  0.0
4.0e-2  0.0  0.96
4.0e-2  1.0e-2  0.95
4.0e-2  2.0e-2  0.94
4.0e-2  3.0e-2  0.93
4.0e-2  4.0e-2  0.92
4.0e-2  5.0e-2  0.91
4.0e-2  6.0e-2  0.9
4.0e-2  7.0e-2  0.89
4.0e-2  8.0e-2  0.88
4.0e-2  9.0e-2  0.87
4.0e-2  0.1  0.86
4.0e-2  0.11  0.85
4.0e-2  0.12  0.84
4.0e-2  0.13  0.83
4.0e-2  0.14  0.82
4.0e-2  0.15  0.81
4.0e-2  0.16  0.8
4.0e-2  0.17  0.79
4.0e-2  0.18  0.78
4.0e-2  0.19  0.77
4.0e-2  0.2  0.76
4.0e-2  0.21  0.75
4.0e-2  0.22  0.74
4.0e-2  0.23  0.73
4.0e-2  0.24  0.72
4.0e-2  0.25  0.71
4.0e-2  0.26  0.7
4.0e-2  0.27  0.69
4.0e-2  0.28  0.68
4.0e-2  0.29  0.67
4.0e-2  0.3  0.66
4.0e-2  0.31  0.65
4.0e-2  0.32  0.64
4.0e-2  0.33  0.63
4.0e-2  0.34  0.62
4.0e-2  0.35  0.61
4.0e-2  0.36  0.6
4.0e-2  0.37  0.59
4.0e-2  0.38  0.58
4.0e-2  0.39  0.57
4.0e-2  0.4  0.56
4.0e-2  0.41  0.55
4.0e-2  0.42  0.54
4.0e-2  0.43  0.53
4.0e-2  0.44  0.52
4.0e-2  0.45  0.51
4.0e-2  0.46  0.5
4.0e-2  0.47  0.49
4.0e-2  0.48  0.48
4.0e-2  0.49  0.47
4.0e-2  0.5  0.46
4.0e-2  0.51  0.45
4.0e-2  0.52  0.44
4.0e-2  0.53  0.43
4.0e-2  0.54  0.42
4.0e-2  0.55  0.41
4.0e-2  0.56  0.4
4.0e-2  0.57  0.39
4.0e-2  0.58  0.38
4.0e-2  0.59  0.37
4.0e-2  0.6  0.36
4.0e-2  0.61  0.35
4.0e-2  0.62  0.34
4.0e-2  0.63  0.33
4.0e-2  0.64  0.32
4.0e-2  0.65  0.31
4.0e-2  0.66  0.3
4.0e-2  0.67  0.29
4.0e-2  0.68  0.28
4.0e-2  0.69  0.27
4.0e-2  0.7  0.26
4.0e-2  0.71  0.25
4.0e-2  0.72  0.24
4.0e-2  0.73  0.23
4.0e-2  0.74  0.22
4.0e-2  0.75  0.21
4.0e-2  0.76  0.2
4.0e-2  0.77  0.19
4.0e-2  0.78  0.18
4.0e-2  0.79  0.17
4.0e-2  0.8  0.16
4.0e-2  0.81  0.15
4.0e-2  0.82  0.14
4.0e-2  0.83  0.13
4.0e-2  0.84  0.12
4.0e-2  0.85  0.11
4.0e-2  0.86  0.1
4.0e-2  0.87  9.0e-2
4.0e-2  0.88  8.0e-2
4.0e-2  0.89  7.0e-2
4.0e-2  0.9  6.0e-2
4.0e-2  0.91  5.0e-2
4.0e-2  0.92  4.0e-2
4.0e-2  0.93  3.0e-2
4.0e-2  0.94  2.0e-2
4.0e-2  0.95  1.0e-2
4.0e-2  0.96  0.0
5.0e-2  0.0  0.95
5.0e-2  1.0e-2  0.94
5.0e-2  2.0e-2  0.93
5.0e-2  3.0e-2  0.92
5.0e-2  4.0e-2  0.91
5.0e-2  5.0e-2  0.9
5.0e-2  6.0e-2  0.89
5.0e-2  7.0e-2  0.88
5.0e-2  8.0e-2  0.87
5.0e-2  9.0e-2  0.86
5.0e-2  0.1  0.85
5.0e-2  0.11  0.84
5.0e-2  0.12  0.83
5.0e-2  0.13  0.82
5.0e-2  0.14  0.81
5.0e-2  0.15  0.8
5.0e-2  0.16  0.79
5.0e-2  0.17  0.78
5.0e-2  0.18  0.77
5.0e-2  0.19  0.76
5.0e-2  0.2  0.75
5.0e-2  0.21  0.74
5.0e-2  0.22  0.73
5.0e-2  0.23  0.72
5.0e-2  0.24  0.71
5.0e-2  0.25  0.7
5.0e-2  0.26  0.69
5.0e-2  0.27  0.68
5.0e-2  0.28  0.67
5.0e-2  0.29  0.66
5.0e-2  0.3  0.65
5.0e-2  0.31  0.64
5.0e-2  0.32  0.63
5.0e-2  0.33  0.62
5.0e-2  0.34  0.61
5.0e-2  0.35  0.6
5.0e-2  0.36  0.59
5.0e-2  0.37  0.58
5.0e-2  0.38  0.57
5.0e-2  0.39  0.56
5.0e-2  0.4  0.55
5.0e-2  0.41  0.54
5.0e-2  0.42  0.53
5.0e-2  0.43  0.52
5.0e-2  0.44  0.51
5.0e-2  0.45  0.5
5.0e-2  0.46  0.49
5.0e-2  0.47  0.48
5.0e-2  0.48  0.47
5.0e-2  0.49  0.46
5.0e-2  0.5  0.45
5.0e-2  0.51  0.44
5.0e-2  0.52  0.43
5.0e-2  0.53  0.42
5.0e-2  0.54  0.41
5.0e-2  0.55  0.4
5.0e-2  0.56  0.39
5.0e-2  0.57  0.38
5.0e-2  0.58  0.37
5.0e-2  0.59  0.36
5.0e-2  0.6  0.35
5.0e-2  0.61  0.34
5.0e-2  0.62  0.33
5.0e-2  0.63  0.32
5.0e-2  0.64  0.31
5.0e-2  0.65  0.3
5.0e-2  0.66  0.29
5.0e-2  0.67  0.28
5.0e-2  0.68  0.27
5.0e-2  0.69  0.26
5.0e-2  0.7  0.25
5.0e-2  0.71  0.24
5.0e-2  0.72  0.23
5.0e-2  0.73  0.22
5.0e-2  0.74  0.21
5.0e-2  0.75  0.2
5.0e-2  0.76  0.19
5.0e-2  0.77  0.18
5.0e-2  0.78  0.17
5.0e-2  0.79  0.16
5.0e-2  0.8  0.15
5.0e-2  0.81  0.14
5.0e-2  0.82  0.13
5.0e-2  0.83  0.12
5.0e-2  0.84  0.11
5.0e-2  0.85  0.1
5.0e-2  0.86  9.0e-2
5.0e-2  0.87  8.0e-2
5.0e-2  0.88  7.0e-2
5.0e-2  0.89  6.0e-2
5.0e-2  0.9  5.0e-2
5.0e-2  0.91  4.0e-2
5.0e-2  0.92  3.0e-2
5.0e-2  0.93  2.0e-2
5.0e-2  0.94  1.0e-2
5.0e-2  0.95  0.0
6.0e-2  0.0  0.94
6.0e-2  1.0e-2  0.93
6.0e-2  2.0e-2  0.92
6.0e-2  3.0e-2  0.91
6.0e-2  4.0e-2  0.9
6.0e-2  5.0e-2  0.89
6.0e-2  6.0e-2  0.88
6.0e-2  7.0e-2  0.87
6.0e-2  8.0e-2  0.86
6.0e-2  9.0e-2  0.85
6.0e-2  0.1  0.84
6.0e-2  0.11  0.83
6.0e-2  0.12  0.82
6.0e-2  0.13  0.81
6.0e-2  0.14  0.8
6.0e-2  0.15  0.79
6.0e-2  0.16  0.78
6.0e-2  0.17  0.77
6.0e-2  0.18  0.76
6.0e-2  0.19  0.75
6.0e-2  0.2  0.74
6.0e-2  0.21  0.73
6.0e-2  0.22  0.72
6.0e-2  0.23  0.71
6.0e-2  0.24  0.7
6.0e-2  0.25  0.69
6.0e-2  0.26  0.68
6.0e-2  0.27  0.67
6.0e-2  0.28  0.66
6.0e-2  0.29  0.65
6.0e-2  0.3  0.64
6.0e-2  0.31  0.63
6.0e-2  0.32  0.62
6.0e-2  0.33  0.61
6.0e-2  0.34  0.6
6.0e-2  0.35  0.59
6.0e-2  0.36  0.58
6.0e-2  0.37  0.57
6.0e-2  0.38  0.56
6.0e-2  0.39  0.55
6.0e-2  0.4  0.54
6.0e-2  0.41  0.53
6.0e-2  0.42  0.52
6.0e-2  0.43  0.51
6.0e-2  0.44  0.5
6.0e-2  0.45  0.49
6.0e-2  0.46  0.48
6.0e-2  0.47  0.47
6.0e-2  0.48  0.46
6.0e-2  0.49  0.45
6.0e-2  0.5  0.44
6.0e-2  0.51  0.43
6.0e-2  0.52  0.42
6.0e-2  0.53  0.41
6.0e-2  0.54  0.4
6.0e-2  0.55  0.39
6.0e-2  0.56  0.38
6.0e-2  0.57  0.37
6.0e-2  0.58  0.36
6.0e-2  0.59  0.35
6.0e-2  0.6  0.34
6.0e-2  0.61  0.33
6.0e-2  0.62  0.32
6.0e-2  0.63  0.31
6.0e-2  0.64  0.3
6.0e-2  0.65  0.29
6.0e-2  0.66  0.28
6.0e-2  0.67  0.27
6.0e-2  0.68  0.26
6.0e-2  0.69  0.25
6.0e-2  0.7  0.24
6.0e-2  0.71  0.23
6.0e-2  0.72  0.22
6.0e-2  0.73  0.21
6.0e-2  0.74  0.2
6.0e-2  0.75  0.19
6.0e-2  0.76  0.18
6.0e-2  0.77  0.17
6.0e-2  0.78  0.16
6.0e-2  0.79  0.15
6.0e-2  0.8  0.14
6.0e-2  0.81  0.13
6.0e-2  0.82  0.12
6.0e-2  0.83  0.11
6.0e-2  0.84  0.1
6.0e-2  0.85  9.0e-2
6.0e-2  0.86  8.0e-2
6.0e-2  0.87  7.0e-2
6.0e-2  0.88  6.0e-2
6.0e-2  0.89  5.0e-2
6.0e-2  0.9  4.0e-2
6.0e-2  0.91  3.0e-2
6.0e-2  0.92  2.0e-2
6.0e-2  0.93  1.0e-2
6.0e-2  0.94  0.0
7.0e-2  0.0  0.93
7.0e-2  1.0e-2  0.92
7.0e-2  2.0e-2  0.91
7.0e-2  3.0e-2  0.9
7.0e-2  4.0e-2  0.89
7.0e-2  5.0e-2  0.88
7.0e-2  6.0e-2  0.87
7.0e-2  7.0e-2  0.86
7.0e-2  8.0e-2  0.85
7.0e-2  9.0e-2  0.84
7.0e-2  0.1  0.83
7.0e-2  0.11  0.82
7.0e-2  0.12  0.81
7.0e-2  0.13  0.8
7.0e-2  0.14  0.79
7.0e-2  0.15  0.78
7.0e-2  0.16  0.77
7.0e-2  0.17  0.76
7.0e-2  0.18  0.75
7.0e-2  0.19  0.74
7.0e-2  0.2  0.73
7.0e-2  0.21  0.72
7.0e-2  0.22  0.71
7.0e-2  0.23  0.7
7.0e-2  0.24  0.69
7.0e-2  0.25  0.68
7.0e-2  0.26  0.67
7.0e-2  0.27  0.66
7.0e-2  0.28  0.65
7.0e-2  0.29  0.64
7.0e-2  0.3  0.63
7.0e-2  0.31  0.62
7.0e-2  0.32  0.61
7.0e-2  0.33  0.6
7.0e-2  0.34  0.59
7.0e-2  0.35  0.58
7.0e-2  0.36  0.57
7.0e-2  0.37  0.56
7.0e-2  0.38  0.55
7.0e-2  0.39  0.54
7.0e-2  0.4  0.53
7.0e-2  0.41  0.52
7.0e-2  0.42  0.51
7.0e-2  0.43  0.5
7.0e-2  0.44  0.49
7.0e-2  0.45  0.48
7.0e-2  0.46  0.47
7.0e-2  0.47  0.46
7.0e-2  0.48  0.45
7.0e-2  0.49  0.44
7.0e-2  0.5  0.43
7.0e-2  0.51  0.42
7.0e-2  0.52  0.41
7.0e-2  0.53  0.4
7.0e-2  0.54  0.39
7.0e-2  0.55  0.38
7.0e-2  0.56  0.37
7.0e-2  0.57  0.36
7.0e-2  0.58  0.35
7.0e-2  0.59  0.34
7.0e-2  0.6  0.33
7.0e-2  0.61  0.32
7.0e-2  0.62  0.31
7.0e-2  0.63  0.3
7.0e-2  0.64  0.29
7.0e-2  0.65  0.28
7.0e-2  0.66  0.27
7.0e-2  0.67  0.26
7.0e-2  0.68  0.25
7.0e-2  0.69  0.24
7.0e-2  0.7  0.23
7.0e-2  0.71  0.22
7.0e-2  0.72  0.21
7.0e-2  0.73  0.2
7.0e-2  0.74  0.19
7.0e-2  0.75  0.18
7.0e-2  0.76  0.17
7.0e-2  0.77  0.16
7.0e-2  0.78  0.15
7.0e-2  0.79  0.14
7.0e-2  0.8  0.13
7.0e-2  0.81  0.12
7.0e-2  0.82  0.11
7.0e-2  0.83  0.1
7.0e-2  0.84  9.0e-2
7.0e-2  0.85  8.0e-2
7.0e-2  0.86  7.0e-2
7.0e-2  0.87  6.0e-2
7.0e-2  0.88  5.0e-2
7.0e-2  0.89  4.0e-2
7.0e-2  0.9  3.0e-2
7.0e-2  0.91  2.0e-2
7.0e-2  0.92  1.0e-2
7.0e-2  0.93  0.0
8.0e-2  0.0  0.92
8.0e-2  1.0e-2  0.91
8.0e-2  2.0e-2  0.9
8.0e-2  3.0e-2  0.89
8.0e-2  4.0e-2  0.88
8.0e-2  5.0e-2  0.87
8.0e-2  6.0e-2  0.86
8.0e-2  7.0e-2  0.85
8.0e-2  8.0e-2  0.84
8.0e-2  9.0e-2  0.83
8.0e-2  0.1  0.82
8.0e-2  0.11  0.81
8.0e-2  0.12  0.8
8.0e-2  0.13  0.79
8.0e-2  0.14  0.78
8.0e-2  0.15  0.77
8.0e-2  0.16  0.76
8.0e-2  0.17  0.75
8.0e-2  0.18  0.74
8.0e-2  0.19  0.73
8.0e-2  0.2  0.72
8.0e-2  0.21  0.71
8.0e-2  0.22  0.7
8.0e-2  0.23  0.69
8.0e-2  0.24  0.68
8.0e-2  0.25  0.67
8.0e-2  0.26  0.66
8.0e-2  0.27  0.65
8.0e-2  0.28  0.64
8.0e-2  0.29  0.63
8.0e-2  0.3  0.62
8.0e-2  0.31  0.61
8.0e-2  0.32  0.6
8.0e-2  0.33  0.59
8.0e-2  0.34  0.58
8.0e-2  0.35  0.57
8.0e-2  0.36  0.56
8.0e-2  0.37  0.55
8.0e-2  0.38  0.54
8.0e-2  0.39  0.53
8.0e-2  0.4  0.52
8.0e-2  0.41  0.51
8.0e-2  0.42  0.5
8.0e-2  0.43  0.49
8.0e-2  0.44  0.48
8.0e-2  0.45  0.47
8.0e-2  0.46  0.46
8.0e-2  0.47  0.45
8.0e-2  0.48  0.44
8.0e-2  0.49  0.43
8.0e-2  0.5  0.42
8.0e-2  0.51  0.41
8.0e-2  0.52  0.4
8.0e-2  0.53  0.39
8.0e-2  0.54  0.38
8.0e-2  0.55  0.37
8.0e-2  0.56  0.36
8.0e-2  0.57  0.35
8.0e-2  0.58  0.34
8.0e-2  0.59  0.33
8.0e-2  0.6  0.32
8.0e-2  0.61  0.31
8.0e-2  0.62  0.3
8.0e-2  0.63  0.29
8.0e-2  0.64  0.28
8.0e-2  0.65  0.27
8.0e-2  0.66  0.26
8.0e-2  0.67  0.25
8.0e-2  0.68  0.24
8.0e-2  0.69  0.23
8.0e-2  0.7  0.22
8.0e-2  0.71  0.21
8.0e-2  0.72  0.2
8.0e-2  0.73  0.19
8.0e-2  0.74  0.18
8.0e-2  0.75  0.17
8.0e-2  0.76  0.16
8.0e-2  0.77  0.15
8.0e-2  0.78  0.14
8.0e-2  0.79  0.13
8.0e-2  0.8  0.12
8.0e-2  0.81  0.11
8.0e-2  0.82  0.1
8.0e-2  0.83  9.0e-2
8.0e-2  0.84  8.0e-2
8.0e-2  0.85  7.0e-2
8.0e-2  0.86  6.0e-2
8.0e-2  0.87  5.0e-2
8.0e-2  0.88  4.0e-2
8.0e-2  0.89  3.0e-2
8.0e-2  0.9  2.0e-2
8.0e-2  0.91  1.0e-2
8.0e-2  0.92  0.0
9.0e-2  0.0  0.91
9.0e-2  1.0e-2  0.9
9.0e-2  2.0e-2  0.89
9.0e-2  3.0e-2  0.88
9.0e-2  4.0e-2  0.87
9.0e-2  5.0e-2  0.86
9.0e-2  6.0e-2  0.85
9.0e-2  7.0e-2  0.84
9.0e-2  8.0e-2  0.83
9.0e-2  9.0e-2  0.82
9.0e-2  0.1  0.81
9.0e-2  0.11  0.8
9.0e-2  0.12  0.79
9.0e-2  0.13  0.78
9.0e-2  0.14  0.77
9.0e-2  0.15  0.76
9.0e-2  0.16  0.75
9.0e-2  0.17  0.74
9.0e-2  0.18  0.73
9.0e-2  0.19  0.72
9.0e-2  0.2  0.71
9.0e-2  0.21  0.7
9.0e-2  0.22  0.69
9.0e-2  0.23  0.68
9.0e-2  0.24  0.67
9.0e-2  0.25  0.66
9.0e-2  0.26  0.65
9.0e-2  0.27  0.64
9.0e-2  0.28  0.63
9.0e-2  0.29  0.62
9.0e-2  0.3  0.61
9.0e-2  0.31  0.6
9.0e-2  0.32  0.59
9.0e-2  0.33  0.58
9.0e-2  0.34  0.57
9.0e-2  0.35  0.56
9.0e-2  0.36  0.55
9.0e-2  0.37  0.54
9.0e-2  0.38  0.53
9.0e-2  0.39  0.52
9.0e-2  0.4  0.51
9.0e-2  0.41  0.5
9.0e-2  0.42  0.49
9.0e-2  0.43  0.48
9.0e-2  0.44  0.47
9.0e-2  0.45  0.46
9.0e-2  0.46  0.45
9.0e-2  0.47  0.44
9.0e-2  0.48  0.43
9.0e-2  0.49  0.42
9.0e-2  0.5  0.41
9.0e-2  0.51  0.4
9.0e-2  0.52  0.39
9.0e-2  0.53  0.38
9.0e-2  0.54  0.37
9.0e-2  0.55  0.36
9.0e-2  0.56  0.35
9.0e-2  0.57  0.34
9.0e-2  0.58  0.33
9.0e-2  0.59  0.32
9.0e-2  0.6  0.31
9.0e-2  0.61  0.3
9.0e-2  0.62  0.29
9.0e-2  0.63  0.28
9.0e-2  0.64  0.27
9.0e-2  0.65  0.26
9.0e-2  0.66  0.25
9.0e-2  0.67  0.24
9.0e-2  0.68  0.23
9.0e-2  0.69  0.22
9.0e-2  0.7  0.21
9.0e-2  0.71  0.2
9.0e-2  0.72  0.19
9.0e-2  0.73  0.18
9.0e-2  0.74  0.17
9.0e-2  0.75  0.16
9.0e-2  0.76  0.15
9.0e-2  0.77  0.14
9.0e-2  0.78  0.13
9.0e-2  0.79  0.12
9.0e-2  0.8  0.11
9.0e-2  0.81  0.1
9.0e-2  0.82  9.0e-2
9.0e-2  0.83  8.0e-2
9.0e-2  0.84  7.0e-2
9.0e-2  0.85  6.0e-2
9.0e-2  0.86  5.0e-2
9.0e-2  0.87  4.0e-2
9.0e-2  0.88  3.0e-2
9.0e-2  0.89  2.0e-2
9.0e-2  0.9  1.0e-2
9.0e-2  0.91  0.0
0.1  0.0  0.9
0.1  1.0e-2  0.89
0.1  2.0e-2  0.88
0.1  3.0e-2  0.87
0.1  4.0e-2  0.86
0.1  5.0e-2  0.85
0.1  6.0e-2  0.84
0.1  7.0e-2  0.83
0.1  8.0e-2  0.82
0.1  9.0e-2  0.81
0.1  0.1  0.8
0.1  0.11  0.79
0.1  0.12  0.78
0.1  0.13  0.77
0.1  0.14  0.76
0.1  0.15  0.75
0.1  0.16  0.74
0.1  0.17  0.73
0.1  0.18  0.72
0.1  0.19  0.71
0.1  0.2  0.7
0.1  0.21  0.69
0.1  0.22  0.68
0.1  0.23  0.67
0.1  0.24  0.66
0.1  0.25  0.65
0.1  0.26  0.64
0.1  0.27  0.63
0.1  0.28  0.62
0.1  0.29  0.61
0.1  0.3  0.6
0.1  0.31  0.59
0.1  0.32  0.58
0.1  0.33  0.57
0.1  0.34  0.56
0.1  0.35  0.55
0.1  0.36  0.54
0.1  0.37  0.53
0.1  0.38  0.52
0.1  0.39  0.51
0.1  0.4  0.5
0.1  0.41  0.49
0.1  0.42  0.48
0.1  0.43  0.47
0.1  0.44  0.46
0.1  0.45  0.45
0.1  0.46  0.44
0.1  0.47  0.43
0.1  0.48  0.42
0.1  0.49  0.41
0.1  0.5  0.4
0.1  0.51  0.39
0.1  0.52  0.38
0.1  0.53  0.37
0.1  0.54  0.36
0.1  0.55  0.35
0.1  0.56  0.34
0.1  0.57  0.33
0.1  0.58  0.32
0.1  0.59  0.31
0.1  0.6  0.3
0.1  0.61  0.29
0.1  0.62  0.28
0.1  0.63  0.27
0.1  0.64  0.26
0.1  0.65  0.25
0.1  0.66  0.24
0.1  0.67  0.23
0.1  0.68  0.22
0.1  0.69  0.21
0.1  0.7  0.2
0.1  0.71  0.19
0.1  0.72  0.18
0.1  0.73  0.17
0.1  0.74  0.16
0.1  0.75  0.15
0.1  0.76  0.14
0.1  0.77  0.13
0.1  0.78  0.12
0.1  0.79  0.11
0.1  0.8  0.1
0.1  0.81  9.0e-2
0.1  0.82  8.0e-2
0.1  0.83  7.0e-2
0.1  0.84  6.0e-2
0.1  0.85  5.0e-2
0.1  0.86  4.0e-2
0.1  0.87  3.0e-2
0.1  0.88  2.0e-2
0.1  0.89  1.0e-2
0.1  0.9  0.0
0.11  0.0  0.89
0.11  1.0e-2  0.88
0.11  2.0e-2  0.87
0.11  3.0e-2  0.86
0.11  4.0e-2  0.85
0.11  5.0e-2  0.84
0.11  6.0e-2  0.83
0.11  7.0e-2  0.82
0.11  8.0e-2  0.81
0.11  9.0e-2  0.8
0.11  0.1  0.79
0.11  0.11  0.78
0.11  0.12  0.77
0.11  0.13  0.76
0.11  0.14  0.75
0.11  0.15  0.74
0.11  0.16  0.73
0.11  0.17  0.72
0.11  0.18  0.71
0.11  0.19  0.7
0.11  0.2  0.69
0.11  0.21  0.68
0.11  0.22  0.67
0.11  0.23  0.66
0.11  0.24  0.65
0.11  0.25  0.64
0.11  0.26  0.63
0.11  0.27  0.62
0.11  0.28  0.61
0.11  0.29  0.6
0.11  0.3  0.59
0.11  0.31  0.58
0.11  0.32  0.57
0.11  0.33  0.56
0.11  0.34  0.55
0.11  0.35  0.54
0.11  0.36  0.53
0.11  0.37  0.52
0.11  0.38  0.51
0.11  0.39  0.5
0.11  0.4  0.49
0.11  0.41  0.48
0.11  0.42  0.47
0.11  0.43  0.46
0.11  0.44  0.45
0.11  0.45  0.44
0.11  0.46  0.43
0.11  0.47  0.42
0.11  0.48  0.41
0.11  0.49  0.4
0.11  0.5  0.39
0.11  0.51  0.38
0.11  0.52  0.37
0.11  0.53  0.36
0.11  0.54  0.35
0.11  0.55  0.34
0.11  0.56  0.33
0.11  0.57  0.32
0.11  0.58  0.31
0.11  0.59  0.3
0.11  0.6  0.29
0.11  0.61  0.28
0.11  0.62  0.27
0.11  0.63  0.26
0.11  0.64  0.25
0.11  0.65  0.24
0.11  0.66  0.23
0.11  0.67  0.22
0.11  0.68  0.21
0.11  0.69  0.2
0.11  0.7  0.19
0.11  0.71  0.18
0.11  0.72  0.17
0.11  0.73  0.16
0.11  0.74  0.15
0.11  0.75  0.14
0.11  0.76  0.13
0.11  0.77  0.12
0.11  0.78  0.11
0.11  0.79  0.1
0.11  0.8  9.0e-2
0.11  0.81  8.0e-2
0.11  0.82  7.0e-2
0.11  0.83  6.0e-2
0.11  0.84  5.0e-2
0.11  0.85  4.0e-2
0.11  0.86  3.0e-2
0.11  0.87  2.0e-2
0.11  0.88  1.0e-2
0.11  0.89  0.0
0.12  0.0  0.88
0.12  1.0e-2  0.87
0.12  2.0e-2  0.86
0.12  3.0e-2  0.85
0.12  4.0e-2  0.84
0.12  5.0e-2  0.83
0.12  6.0e-2  0.82
0.12  7.0e-2  0.81
0.12  8.0e-2  0.8
0.12  9.0e-2  0.79
0.12  0.1  0.78
0.12  0.11  0.77
0.12  0.12  0.76
0.12  0.13  0.75
0.12  0.14  0.74
0.12  0.15  0.73
0.12  0.16  0.72
0.12  0.17  0.71
0.12  0.18  0.7
0.12  0.19  0.69
0.12  0.2  0.68
0.12  0.21  0.67
0.12  0.22  0.66
0.12  0.23  0.65
0.12  0.24  0.64
0.12  0.25  0.63
0.12  0.26  0.62
0.12  0.27  0.61
0.12  0.28  0.6
0.12  0.29  0.59
0.12  0.3  0.58
0.12  0.31  0.57
0.12  0.32  0.56
0.12  0.33  0.55
0.12  0.34  0.54
0.12  0.35  0.53
0.12  0.36  0.52
0.12  0.37  0.51
0.12  0.38  0.5
0.12  0.39  0.49
0.12  0.4  0.48
0.12  0.41  0.47
0.12  0.42  0.46
0.12  0.43  0.45
0.12  0.44  0.44
0.12  0.45  0.43
0.12  0.46  0.42
0.12  0.47  0.41
0.12  0.48  0.4
0.12  0.49  0.39
0.12  0.5  0.38
0.12  0.51  0.37
0.12  0.52  0.36
0.12  0.53  0.35
0.12  0.54  0.34
0.12  0.55  0.33
0.12  0.56  0.32
0.12  0.57  0.31
0.12  0.58  0.3
0.12  0.59  0.29
0.12  0.6  0.28
0.12  0.61  0.27
0.12  0.62  0.26
0.12  0.63  0.25
0.12  0.64  0.24
0.12  0.65  0.23
0.12  0.66  0.22
0.12  0.67  0.21
0.12  0.68  0.2
0.12  0.69  0.19
0.12  0.7  0.18
0.12  0.71  0.17
0.12  0.72  0.16
0.12  0.73  0.15
0.12  0.74  0.14
0.12  0.75  0.13
0.12  0.76  0.12
0.12  0.77  0.11
0.12  0.78  0.1
0.12  0.79  9.0e-2
0.12  0.8  8.0e-2
0.12  0.81  7.0e-2
0.12  0.82  6.0e-2
0.12  0.83  5.0e-2
0.12  0.84  4.0e-2
0.12  0.85  3.0e-2
0.12  0.86  2.0e-2
0.12  0.87  1.0e-2
0.12  0.88  0.0
0.13  0.0  0.87
0.13  1.0e-2  0.86
0.13  2.0e-2  0.85
0.13  3.0e-2  0.84
0.13  4.0e-2  0.83
0.13  5.0e-2  0.82
0.13  6.0e-2  0.81
0.13  7.0e-2  0.8
0.13  8.0e-2  0.79
0.13  9.0e-2  0.78
0.13  0.1  0.77
0.13  0.11  0.76
0.13  0.12  0.75
0.13  0.13  0.74
0.13  0.14  0.73
0.13  0.15  0.72
0.13  0.16  0.71
0.13  0.17  0.7
0.13  0.18  0.69
0.13  0.19  0.68
0.13  0.2  0.67
0.13  0.21  0.66
0.13  0.22  0.65
0.13  0.23  0.64
0.13  0.24  0.63
0.13  0.25  0.62
0.13  0.26  0.61
0.13  0.27  0.6
0.13  0.28  0.59
0.13  0.29  0.58
0.13  0.3  0.57
0.13  0.31  0.56
0.13  0.32  0.55
0.13  0.33  0.54
0.13  0.34  0.53
0.13  0.35  0.52
0.13  0.36  0.51
0.13  0.37  0.5
0.13  0.38  0.49
0.13  0.39  0.48
0.13  0.4  0.47
0.13  0.41  0.46
0.13  0.42  0.45
0.13  0.43  0.44
0.13  0.44  0.43
0.13  0.45  0.42
0.13  0.46  0.41
0.13  0.47  0.4
0.13  0.48  0.39
0.13  0.49  0.38
0.13  0.5  0.37
0.13  0.51  0.36
0.13  0.52  0.35
0.13  0.53  0.34
0.13  0.54  0.33
0.13  0.55  0.32
0.13  0.56  0.31
0.13  0.57  0.3
0.13  0.58  0.29
0.13  0.59  0.28
0.13  0.6  0.27
0.13  0.61  0.26
0.13  0.62  0.25
0.13  0.63  0.24
0.13  0.64  0.23
0.13  0.65  0.22
0.13  0.66  0.21
0.13  0.67  0.2
0.13  0.68  0.19
0.13  0.69  0.18
0.13  0.7  0.17
0.13  0.71  0.16
0.13  0.72  0.15
0.13  0.73  0.14
0.13  0.74  0.13
0.13  0.75  0.12
0.13  0.76  0.11
0.13  0.77  0.1
0.13  0.78  9.0e-2
0.13  0.79  8.0e-2
0.13  0.8  7.0e-2
0.13  0.81  6.0e-2
0.13  0.82  5.0e-2
0.13  0.83  4.0e-2
0.13  0.84  3.0e-2
0.13  0.85  2.0e-2
0.13  0.86  1.0e-2
0.13  0.87  0.0
0.14  0.0  0.86
0.14  1.0e-2  0.85
0.14  2.0e-2  0.84
0.14  3.0e-2  0.83
0.14  4.0e-2  0.82
0.14  5.0e-2  0.81
0.14  6.0e-2  0.8
0.14  7.0e-2  0.79
0.14  8.0e-2  0.78
0.14  9.0e-2  0.77
0.14  0.1  0.76
0.14  0.11  0.75
0.14  0.12  0.74
0.14  0.13  0.73
0.14  0.14  0.72
0.14  0.15  0.71
0.14  0.16  0.7
0.14  0.17  0.69
0.14  0.18  0.68
0.14  0.19  0.67
0.14  0.2  0.66
0.14  0.21  0.65
0.14  0.22  0.64
0.14  0.23  0.63
0.14  0.24  0.62
0.14  0.25  0.61
0.14  0.26  0.6
0.14  0.27  0.59
0.14  0.28  0.58
0.14  0.29  0.57
0.14  0.3  0.56
0.14  0.31  0.55
0.14  0.32  0.54
0.14  0.33  0.53
0.14  0.34  0.52
0.14  0.35  0.51
0.14  0.36  0.5
0.14  0.37  0.49
0.14  0.38  0.48
0.14  0.39  0.47
0.14  0.4  0.46
0.14  0.41  0.45
0.14  0.42  0.44
0.14  0.43  0.43
0.14  0.44  0.42
0.14  0.45  0.41
0.14  0.46  0.4
0.14  0.47  0.39
0.14  0.48  0.38
0.14  0.49  0.37
0.14  0.5  0.36
0.14  0.51  0.35
0.14  0.52  0.34
0.14  0.53  0.33
0.14  0.54  0.32
0.14  0.55  0.31
0.14  0.56  0.3
0.14  0.57  0.29
0.14  0.58  0.28
0.14  0.59  0.27
0.14  0.6  0.26
0.14  0.61  0.25
0.14  0.62  0.24
0.14  0.63  0.23
0.14  0.64  0.22
0.14  0.65  0.21
0.14  0.66  0.2
0.14  0.67  0.19
0.14  0.68  0.18
0.14  0.69  0.17
0.14  0.7  0.16
0.14  0.71  0.15
0.14  0.72  0.14
0.14  0.73  0.13
0.14  0.74  0.12
0.14  0.75  0.11
0.14  0.76  0.1
0.14  0.77  9.0e-2
0.14  0.78  8.0e-2
0.14  0.79  7.0e-2
0.14  0.8  6.0e-2
0.14  0.81  5.0e-2
0.14  0.82  4.0e-2
0.14  0.83  3.0e-2
0.14  0.84  2.0e-2
0.14  0.85  1.0e-2
0.14  0.86  0.0
0.15  0.0  0.85
0.15  1.0e-2  0.84
0.15  2.0e-2  0.83
0.15  3.0e-2  0.82
0.15  4.0e-2  0.81
0.15  5.0e-2  0.8
0.15  6.0e-2  0.79
0.15  7.0e-2  0.78
0.15  8.0e-2  0.77
0.15  9.0e-2  0.76
0.15  0.1  0.75
0.15  0.11  0.74
0.15  0.12  0.73
0.15  0.13  0.72
0.15  0.14  0.71
0.15  0.15  0.7
0.15  0.16  0.69
0.15  0.17  0.68
0.15  0.18  0.67
0.15  0.19  0.66
0.15  0.2  0.65
0.15  0.21  0.64
0.15  0.22  0.63
0.15  0.23  0.62
0.15  0.24  0.61
0.15  0.25  0.6
0.15  0.26  0.59
0.15  0.27  0.58
0.15  0.28  0.57
0.15  0.29  0.56
0.15  0.3  0.55
0.15  0.31  0.54
0.15  0.32  0.53
0.15  0.33  0.52
0.15  0.34  0.51
0.15  0.35  0.5
0.15  0.36  0.49
0.15  0.37  0.48
0.15  0.38  0.47
0.15  0.39  0.46
0.15  0.4  0.45
0.15  0.41  0.44
0.15  0.42  0.43
0.15  0.43  0.42
0.15  0.44  0.41
0.15  0.45  0.4
0.15  0.46  0.39
0.15  0.47  0.38
0.15  0.48  0.37
0.15  0.49  0.36
0.15  0.5  0.35
0.15  0.51  0.34
0.15  0.52  0.33
0.15  0.53  0.32
0.15  0.54  0.31
0.15  0.55  0.3
0.15  0.56  0.29
0.15  0.57  0.28
0.15  0.58  0.27
0.15  0.59  0.26
0.15  0.6  0.25
0.15  0.61  0.24
0.15  0.62  0.23
0.15  0.63  0.22
0.15  0.64  0.21
0.15  0.65  0.2
0.15  0.66  0.19
0.15  0.67  0.18
0.15  0.68  0.17
0.15  0.69  0.16
0.15  0.7  0.15
0.15  0.71  0.14
0.15  0.72  0.13
0.15  0.73  0.12
0.15  0.74  0.11
0.15  0.75  0.1
0.15  0.76  9.0e-2
0.15  0.77  8.0e-2
0.15  0.78  7.0e-2
0.15  0.79  6.0e-2
0.15  0.8  5.0e-2
0.15  0.81  4.0e-2
0.15  0.82  3.0e-2
0.15  0.83  2.0e-2
0.15  0.84  1.0e-2
0.15  0.85  0.0
0.16  0.0  0.84
0.16  1.0e-2  0.83
0.16  2.0e-2  0.82
0.16  3.0e-2  0.81
0.16  4.0e-2  0.8
0.16  5.0e-2  0.79
0.16  6.0e-2  0.78
0.16  7.0e-2  0.77
0.16  8.0e-2  0.76
0.16  9.0e-2  0.75
0.16  0.1  0.74
0.16  0.11  0.73
0.16  0.12  0.72
0.16  0.13  0.71
0.16  0.14  0.7
0.16  0.15  0.69
0.16  0.16  0.68
0.16  0.17  0.67
0.16  0.18  0.66
0.16  0.19  0.65
0.16  0.2  0.64
0.16  0.21  0.63
0.16  0.22  0.62
0.16  0.23  0.61
0.16  0.24  0.6
0.16  0.25  0.59
0.16  0.26  0.58
0.16  0.27  0.57
0.16  0.28  0.56
0.16  0.29  0.55
0.16  0.3  0.54
0.16  0.31  0.53
0.16  0.32  0.52
0.16  0.33  0.51
0.16  0.34  0.5
0.16  0.35  0.49
0.16  0.36  0.48
0.16  0.37  0.47
0.16  0.38  0.46
0.16  0.39  0.45
0.16  0.4  0.44
0.16  0.41  0.43
0.16  0.42  0.42
0.16  0.43  0.41
0.16  0.44  0.4
0.16  0.45  0.39
0.16  0.46  0.38
0.16  0.47  0.37
0.16  0.48  0.36
0.16  0.49  0.35
0.16  0.5  0.34
0.16  0.51  0.33
0.16  0.52  0.32
0.16  0.53  0.31
0.16  0.54  0.3
0.16  0.55  0.29
0.16  0.56  0.28
0.16  0.57  0.27
0.16  0.58  0.26
0.16  0.59  0.25
0.16  0.6  0.24
0.16  0.61  0.23
0.16  0.62  0.22
0.16  0.63  0.21
0.16  0.64  0.2
0.16  0.65  0.19
0.16  0.66  0.18
0.16  0.67  0.17
0.16  0.68  0.16
0.16  0.69  0.15
0.16  0.7  0.14
0.16  0.71  0.13
0.16  0.72  0.12
0.16  0.73  0.11
0.16  0.74  0.1
0.16  0.75  9.0e-2
0.16  0.76  8.0e-2
0.16  0.77  7.0e-2
0.16  0.78  6.0e-2
0.16  0.79  5.0e-2
0.16  0.8  4.0e-2
0.16  0.81  3.0e-2
0.16  0.82  2.0e-2
0.16  0.83  1.0e-2
0.16  0.84  0.0
0.17  0.0  0.83
0.17  1.0e-2  0.82
0.17  2.0e-2  0.81
0.17  3.0e-2  0.8
0.17  4.0e-2  0.79
0.17  5.0e-2  0.78
0.17  6.0e-2  0.77
0.17  7.0e-2  0.76
0.17  8.0e-2  0.75
0.17  9.0e-2  0.74
0.17  0.1  0.73
0.17  0.11  0.72
0.17  0.12  0.71
0.17  0.13  0.7
0.17  0.14  0.69
0.17  0.15  0.68
0.17  0.16  0.67
0.17  0.17  0.66
0.17  0.18  0.65
0.17  0.19  0.64
0.17  0.2  0.63
0.17  0.21  0.62
0.17  0.22  0.61
0.17  0.23  0.6
0.17  0.24  0.59
0.17  0.25  0.58
0.17  0.26  0.57
0.17  0.27  0.56
0.17  0.28  0.55
0.17  0.29  0.54
0.17  0.3  0.53
0.17  0.31  0.52
0.17  0.32  0.51
0.17  0.33  0.5
0.17  0.34  0.49
0.17  0.35  0.48
0.17  0.36  0.47
0.17  0.37  0.46
0.17  0.38  0.45
0.17  0.39  0.44
0.17  0.4  0.43
0.17  0.41  0.42
0.17  0.42  0.41
0.17  0.43  0.4
0.17  0.44  0.39
0.17  0.45  0.38
0.17  0.46  0.37
0.17  0.47  0.36
0.17  0.48  0.35
0.17  0.49  0.34
0.17  0.5  0.33
0.17  0.51  0.32
0.17  0.52  0.31
0.17  0.53  0.3
0.17  0.54  0.29
0.17  0.55  0.28
0.17  0.56  0.27
0.17  0.57  0.26
0.17  0.58  0.25
0.17  0.59  0.24
0.17  0.6  0.23
0.17  0.61  0.22
0.17  0.62  0.21
0.17  0.63  0.2
0.17  0.64  0.19
0.17  0.65  0.18
0.17  0.66  0.17
0.17  0.67  0.16
0.17  0.68  0.15
0.17  0.69  0.14
0.17  0.7  0.13
0.17  0.71  0.12
0.17  0.72  0.11
0.17  0.73  0.1
0.17  0.74  9.0e-2
0.17  0.75  8.0e-2
0.17  0.76  7.0e-2
0.17  0.77  6.0e-2
0.17  0.78  5.0e-2
0.17  0.79  4.0e-2
0.17  0.8  3.0e-2
0.17  0.81  2.0e-2
0.17  0.82  1.0e-2
0.17  0.83  0.0
0.18  0.0  0.82
0.18  1.0e-2  0.81
0.18  2.0e-2  0.8
0.18  3.0e-2  0.79
0.18  4.0e-2  0.78
0.18  5.0e-2  0.77
0.18  6.0e-2  0.76
0.18  7.0e-2  0.75
0.18  8.0e-2  0.74
0.18  9.0e-2  0.73
0.18  0.1  0.72
0.18  0.11  0.71
0.18  0.12  0.7
0.18  0.13  0.69
0.18  0.14  0.68
0.18  0.15  0.67
0.18  0.16  0.66
0.18  0.17  0.65
0.18  0.18  0.64
0.18  0.19  0.63
0.18  0.2  0.62
0.18  0.21  0.61
0.18  0.22  0.6
0.18  0.23  0.59
0.18  0.24  0.58
0.18  0.25  0.57
0.18  0.26  0.56
0.18  0.27  0.55
0.18  0.28  0.54
0.18  0.29  0.53
0.18  0.3  0.52
0.18  0.31  0.51
0.18  0.32  0.5
0.18  0.33  0.49
0.18  0.34  0.48
0.18  0.35  0.47
0.18  0.36  0.46
0.18  0.37  0.45
0.18  0.38  0.44
0.18  0.39  0.43
0.18  0.4  0.42
0.18  0.41  0.41
0.18  0.42  0.4
0.18  0.43  0.39
0.18  0.44  0.38
0.18  0.45  0.37
0.18  0.46  0.36
0.18  0.47  0.35
0.18  0.48  0.34
0.18  0.49  0.33
0.18  0.5  0.32
0.18  0.51  0.31
0.18  0.52  0.3
0.18  0.53  0.29
0.18  0.54  0.28
0.18  0.55  0.27
0.18  0.56  0.26
0.18  0.57  0.25
0.18  0.58  0.24
0.18  0.59  0.23
0.18  0.6  0.22
0.18  0.61  0.21
0.18  0.62  0.2
0.18  0.63  0.19
0.18  0.64  0.18
0.18  0.65  0.17
0.18  0.66  0.16
0.18  0.67  0.15
0.18  0.68  0.14
0.18  0.69  0.13
0.18  0.7  0.12
0.18  0.71  0.11
0.18  0.72  0.1
0.18  0.73  9.0e-2
0.18  0.74  8.0e-2
0.18  0.75  7.0e-2
0.18  0.76  6.0e-2
0.18  0.77  5.0e-2
0.18  0.78  4.0e-2
0.18  0.79  3.0e-2
0.18  0.8  2.0e-2
0.18  0.81  1.0e-2
0.18  0.82  0.0
0.19  0.0  0.81
0.19  1.0e-2  0.8
0.19  2.0e-2  0.79
0.19  3.0e-2  0.78
0.19  4.0e-2  0.77
0.19  5.0e-2  0.76
0.19  6.0e-2  0.75
0.19  7.0e-2  0.74
0.19  8.0e-2  0.73
0.19  9.0e-2  0.72
0.19  0.1  0.71
0.19  0.11  0.7
0.19  0.12  0.69
0.19  0.13  0.68
0.19  0.14  0.67
0.19  0.15  0.66
0.19  0.16  0.65
0.19  0.17  0.64
0.19  0.18  0.63
0.19  0.19  0.62
0.19  0.2  0.61
0.19  0.21  0.6
0.19  0.22  0.59
0.19  0.23  0.58
0.19  0.24  0.57
0.19  0.25  0.56
0.19  0.26  0.55
0.19  0.27  0.54
0.19  0.28  0.53
0.19  0.29  0.52
0.19  0.3  0.51
0.19  0.31  0.5
0.19  0.32  0.49
0.19  0.33  0.48
0.19  0.34  0.47
0.19  0.35  0.46
0.19  0.36  0.45
0.19  0.37  0.44
0.19  0.38  0.43
0.19  0.39  0.42
0.19  0.4  0.41
0.19  0.41  0.4
0.19  0.42  0.39
0.19  0.43  0.38
0.19  0.44  0.37
0.19  0.45  0.36
0.19  0.46  0.35
0.19  0.47  0.34
0.19  0.48  0.33
0.19  0.49  0.32
0.19  0.5  0.31
0.19  0.51  0.3
0.19  0.52  0.29
0.19  0.53  0.28
0.19  0.54  0.27
0.19  0.55  0.26
0.19  0.56  0.25
0.19  0.57  0.24
0.19  0.58  0.23
0.19  0.59  0.22
0.19  0.6  0.21
0.19  0.61  0.2
0.19  0.62  0.19
0.19  0.63  0.18
0.19  0.64  0.17
0.19  0.65  0.16
0.19  0.66  0.15
0.19  0.67  0.14
0.19  0.68  0.13
0.19  0.69  0.12
0.19  0.7  0.11
0.19  0.71  0.1
0.19  0.72  9.0e-2
0.19  0.73  8.0e-2
0.19  0.74  7.0e-2
0.19  0.75  6.0e-2
0.19  0.76  5.0e-2
0.19  0.77  4.0e-2
0.19  0.78  3.0e-2
0.19  0.79  2.0e-2
0.19  0.8  1.0e-2
0.19  0.81  0.0
0.2  0.0  0.8
0.2  1.0e-2  0.79
0.2  2.0e-2  0.78
0.2  3.0e-2  0.77
0.2  4.0e-2  0.76
0.2  5.0e-2  0.75
0.2  6.0e-2  0.74
0.2  7.0e-2  0.73
0.2  8.0e-2  0.72
0.2  9.0e-2  0.71
0.2  0.1  0.7
0.2  0.11  0.69
0.2  0.12  0.68
0.2  0.13  0.67
0.2  0.14  0.66
0.2  0.15  0.65
0.2  0.16  0.64
0.2  0.17  0.63
0.2  0.18  0.62
0.2  0.19  0.61
0.2  0.2  0.6
0.2  0.21  0.59
0.2  0.22  0.58
0.2  0.23  0.57
0.2  0.24  0.56
0.2  0.25  0.55
0.2  0.26  0.54
0.2  0.27  0.53
0.2  0.28  0.52
0.2  0.29  0.51
0.2  0.3  0.5
0.2  0.31  0.49
0.2  0.32  0.48
0.2  0.33  0.47
0.2  0.34  0.46
0.2  0.35  0.45
0.2  0.36  0.44
0.2  0.37  0.43
0.2  0.38  0.42
0.2  0.39  0.41
0.2  0.4  0.4
0.2  0.41  0.39
0.2  0.42  0.38
0.2  0.43  0.37
0.2  0.44  0.36
0.2  0.45  0.35
0.2  0.46  0.34
0.2  0.47  0.33
0.2  0.48  0.32
0.2  0.49  0.31
0.2  0.5  0.3
0.2  0.51  0.29
0.2  0.52  0.28
0.2  0.53  0.27
0.2  0.54  0.26
0.2  0.55  0.25
0.2  0.56  0.24
0.2  0.57  0.23
0.2  0.58  0.22
0.2  0.59  0.21
0.2  0.6  0.2
0.2  0.61  0.19
0.2  0.62  0.18
0.2  0.63  0.17
0.2  0.64  0.16
0.2  0.65  0.15
0.2  0.66  0.14
0.2  0.67  0.13
0.2  0.68  0.12
0.2  0.69  0.11
0.2  0.7  0.1
0.2  0.71  9.0e-2
0.2  0.72  8.0e-2
0.2  0.73  7.0e-2
0.2  0.74  6.0e-2
0.2  0.75  5.0e-2
0.2  0.76  4.0e-2
0.2  0.77  3.0e-2
0.2  0.78  2.0e-2
0.2  0.79  1.0e-2
0.2  0.8  0.0
0.21  0.0  0.79
0.21  1.0e-2  0.78
0.21  2.0e-2  0.77
0.21  3.0e-2  0.76
0.21  4.0e-2  0.75
0.21  5.0e-2  0.74
0.21  6.0e-2  0.73
0.21  7.0e-2  0.72
0.21  8.0e-2  0.71
0.21  9.0e-2  0.7
0.21  0.1  0.69
0.21  0.11  0.68
0.21  0.12  0.67
0.21  0.13  0.66
0.21  0.14  0.65
0.21  0.15  0.64
0.21  0.16  0.63
0.21  0.17  0.62
0.21  0.18  0.61
0.21  0.19  0.6
0.21  0.2  0.59
0.21  0.21  0.58
0.21  0.22  0.57
0.21  0.23  0.56
0.21  0.24  0.55
0.21  0.25  0.54
0.21  0.26  0.53
0.21  0.27  0.52
0.21  0.28  0.51
0.21  0.29  0.5
0.21  0.3  0.49
0.21  0.31  0.48
0.21  0.32  0.47
0.21  0.33  0.46
0.21  0.34  0.45
0.21  0.35  0.44
0.21  0.36  0.43
0.21  0.37  0.42
0.21  0.38  0.41
0.21  0.39  0.4
0.21  0.4  0.39
0.21  0.41  0.38
0.21  0.42  0.37
0.21  0.43  0.36
0.21  0.44  0.35
0.21  0.45  0.34
0.21  0.46  0.33
0.21  0.47  0.32
0.21  0.48  0.31
0.21  0.49  0.3
0.21  0.5  0.29
0.21  0.51  0.28
0.21  0.52  0.27
0.21  0.53  0.26
0.21  0.54  0.25
0.21  0.55  0.24
0.21  0.56  0.23
0.21  0.57  0.22
0.21  0.58  0.21
0.21  0.59  0.2
0.21  0.6  0.19
0.21  0.61  0.18
0.21  0.62  0.17
0.21  0.63  0.16
0.21  0.64  0.15
0.21  0.65  0.14
0.21  0.66  0.13
0.21  0.67  0.12
0.21  0.68  0.11
0.21  0.69  0.1
0.21  0.7  9.0e-2
0.21  0.71  8.0e-2
0.21  0.72  7.0e-2
0.21  0.73  6.0e-2
0.21  0.74  5.0e-2
0.21  0.75  4.0e-2
0.21  0.76  3.0e-2
0.21  0.77  2.0e-2
0.21  0.78  1.0e-2
0.21  0.79  0.0
0.22  0.0  0.78
0.22  1.0e-2  0.77
0.22  2.0e-2  0.76
0.22  3.0e-2  0.75
0.22  4.0e-2  0.74
0.22  5.0e-2  0.73
0.22  6.0e-2  0.72
0.22  7.0e-2  0.71
0.22  8.0e-2  0.7
0.22  9.0e-2  0.69
0.22  0.1  0.68
0.22  0.11  0.67
0.22  0.12  0.66
0.22  0.13  0.65
0.22  0.14  0.64
0.22  0.15  0.63
0.22  0.16  0.62
0.22  0.17  0.61
0.22  0.18  0.6
0.22  0.19  0.59
0.22  0.2  0.58
0.22  0.21  0.57
0.22  0.22  0.56
0.22  0.23  0.55
0.22  0.24  0.54
0.22  0.25  0.53
0.22  0.26  0.52
0.22  0.27  0.51
0.22  0.28  0.5
0.22  0.29  0.49
0.22  0.3  0.48
0.22  0.31  0.47
0.22  0.32  0.46
0.22  0.33  0.45
0.22  0.34  0.44
0.22  0.35  0.43
0.22  0.36  0.42
0.22  0.37  0.41
0.22  0.38  0.4
0.22  0.39  0.39
0.22  0.4  0.38
0.22  0.41  0.37
0.22  0.42  0.36
0.22  0.43  0.35
0.22  0.44  0.34
0.22  0.45  0.33
0.22  0.46  0.32
0.22  0.47  0.31
0.22  0.48  0.3
0.22  0.49  0.29
0.22  0.5  0.28
0.22  0.51  0.27
0.22  0.52  0.26
0.22  0.53  0.25
0.22  0.54  0.24
0.22  0.55  0.23
0.22  0.56  0.22
0.22  0.57  0.21
0.22  0.58  0.2
0.22  0.59  0.19
0.22  0.6  0.18
0.22  0.61  0.17
0.22  0.62  0.16
0.22  0.63  0.15
0.22  0.64  0.14
0.22  0.65  0.13
0.22  0.66  0.12
0.22  0.67  0.11
0.22  0.68  0.1
0.22  0.69  9.0e-2
0.22  0.7  8.0e-2
0.22  0.71  7.0e-2
0.22  0.72  6.0e-2
0.22  0.73  5.0e-2
0.22  0.74  4.0e-2
0.22  0.75  3.0e-2
0.22  0.76  2.0e-2
0.22  0.77  1.0e-2
0.22  0.78  0.0
0.23  0.0  0.77
0.23  1.0e-2  0.76
0.23  2.0e-2  0.75
0.23  3.0e-2  0.74
0.23  4.0e-2  0.73
0.23  5.0e-2  0.72
0.23  6.0e-2  0.71
0.23  7.0e-2  0.7
0.23  8.0e-2  0.69
0.23  9.0e-2  0.68
0.23  0.1  0.67
0.23  0.11  0.66
0.23  0.12  0.65
0.23  0.13  0.64
0.23  0.14  0.63
0.23  0.15  0.62
0.23  0.16  0.61
0.23  0.17  0.6
0.23  0.18  0.59
0.23  0.19  0.58
0.23  0.2  0.57
0.23  0.21  0.56
0.23  0.22  0.55
0.23  0.23  0.54
0.23  0.24  0.53
0.23  0.25  0.52
0.23  0.26  0.51
0.23  0.27  0.5
0.23  0.28  0.49
0.23  0.29  0.48
0.23  0.3  0.47
0.23  0.31  0.46
0.23  0.32  0.45
0.23  0.33  0.44
0.23  0.34  0.43
0.23  0.35  0.42
0.23  0.36  0.41
0.23  0.37  0.4
0.23  0.38  0.39
0.23  0.39  0.38
0.23  0.4  0.37
0.23  0.41  0.36
0.23  0.42  0.35
0.23  0.43  0.34
0.23  0.44  0.33
0.23  0.45  0.32
0.23  0.46  0.31
0.23  0.47  0.3
0.23  0.48  0.29
0.23  0.49  0.28
0.23  0.5  0.27
0.23  0.51  0.26
0.23  0.52  0.25
0.23  0.53  0.24
0.23  0.54  0.23
0.23  0.55  0.22
0.23  0.56  0.21
0.23  0.57  0.2
0.23  0.58  0.19
0.23  0.59  0.18
0.23  0.6  0.17
0.23  0.61  0.16
0.23  0.62  0.15
0.23  0.63  0.14
0.23  0.64  0.13
0.23  0.65  0.12
0.23  0.66  0.11
0.23  0.67  0.1
0.23  0.68  9.0e-2
0.23  0.69  8.0e-2
0.23  0.7  7.0e-2
0.23  0.71  6.0e-2
0.23  0.72  5.0e-2
0.23  0.73  4.0e-2
0.23  0.74  3.0e-2
0.23  0.75  2.0e-2
0.23  0.76  1.0e-2
0.23  0.77  0.0
0.24  0.0  0.76
0.24  1.0e-2  0.75
0.24  2.0e-2  0.74
0.24  3.0e-2  0.73
0.24  4.0e-2  0.72
0.24  5.0e-2  0.71
0.24  6.0e-2  0.7
0.24  7.0e-2  0.69
0.24  8.0e-2  0.68
0.24  9.0e-2  0.67
0.24  0.1  0.66
0.24  0.11  0.65
0.24  0.12  0.64
0.24  0.13  0.63
0.24  0.14  0.62
0.24  0.15  0.61
0.24  0.16  0.6
0.24  0.17  0.59
0.24  0.18  0.58
0.24  0.19  0.57
0.24  0.2  0.56
0.24  0.21  0.55
0.24  0.22  0.54
0.24  0.23  0.53
0.24  0.24  0.52
0.24  0.25  0.51
0.24  0.26  0.5
0.24  0.27  0.49
0.24  0.28  0.48
0.24  0.29  0.47
0.24  0.3  0.46
0.24  0.31  0.45
0.24  0.32  0.44
0.24  0.33  0.43
0.24  0.34  0.42
0.24  0.35  0.41
0.24  0.36  0.4
0.24  0.37  0.39
0.24  0.38  0.38
0.24  0.39  0.37
0.24  0.4  0.36
0.24  0.41  0.35
0.24  0.42  0.34
0.24  0.43  0.33
0.24  0.44  0.32
0.24  0.45  0.31
0.24  0.46  0.3
0.24  0.47  0.29
0.24  0.48  0.28
0.24  0.49  0.27
0.24  0.5  0.26
0.24  0.51  0.25
0.24  0.52  0.24
0.24  0.53  0.23
0.24  0.54  0.22
0.24  0.55  0.21
0.24  0.56  0.2
0.24  0.57  0.19
0.24  0.58  0.18
0.24  0.59  0.17
0.24  0.6  0.16
0.24  0.61  0.15
0.24  0.62  0.14
0.24  0.63  0.13
0.24  0.64  0.12
0.24  0.65  0.11
0.24  0.66  0.1
0.24  0.67  9.0e-2
0.24  0.68  8.0e-2
0.24  0.69  7.0e-2
0.24  0.7  6.0e-2
0.24  0.71  5.0e-2
0.24  0.72  4.0e-2
0.24  0.73  3.0e-2
0.24  0.74  2.0e-2
0.24  0.75  1.0e-2
0.24  0.76  0.0
0.25  0.0  0.75
0.25  1.0e-2  0.74
0.25  2.0e-2  0.73
0.25  3.0e-2  0.72
0.25  4.0e-2  0.71
0.25  5.0e-2  0.7
0.25  6.0e-2  0.69
0.25  7.0e-2  0.68
0.25  8.0e-2  0.67
0.25  9.0e-2  0.66
0.25  0.1  0.65
0.25  0.11  0.64
0.25  0.12  0.63
0.25  0.13  0.62
0.25  0.14  0.61
0.25  0.15  0.6
0.25  0.16  0.59
0.25  0.17  0.58
0.25  0.18  0.57
0.25  0.19  0.56
0.25  0.2  0.55
0.25  0.21  0.54
0.25  0.22  0.53
0.25  0.23  0.52
0.25  0.24  0.51
0.25  0.25  0.5
0.25  0.26  0.49
0.25  0.27  0.48
0.25  0.28  0.47
0.25  0.29  0.46
0.25  0.3  0.45
0.25  0.31  0.44
0.25  0.32  0.43
0.25  0.33  0.42
0.25  0.34  0.41
0.25  0.35  0.4
0.25  0.36  0.39
0.25  0.37  0.38
0.25  0.38  0.37
0.25  0.39  0.36
0.25  0.4  0.35
0.25  0.41  0.34
0.25  0.42  0.33
0.25  0.43  0.32
0.25  0.44  0.31
0.25  0.45  0.3
0.25  0.46  0.29
0.25  0.47  0.28
0.25  0.48  0.27
0.25  0.49  0.26
0.25  0.5  0.25
0.25  0.51  0.24
0.25  0.52  0.23
0.25  0.53  0.22
0.25  0.54  0.21
0.25  0.55  0.2
0.25  0.56  0.19
0.25  0.57  0.18
0.25  0.58  0.17
0.25  0.59  0.16
0.25  0.6  0.15
0.25  0.61  0.14
0.25  0.62  0.13
0.25  0.63  0.12
0.25  0.64  0.11
0.25  0.65  0.1
0.25  0.66  9.0e-2
0.25  0.67  8.0e-2
0.25  0.68  7.0e-2
0.25  0.69  6.0e-2
0.25  0.7  5.0e-2
0.25  0.71  4.0e-2
0.25  0.72  3.0e-2
0.25  0.73  2.0e-2
0.25  0.74  1.0e-2
0.25  0.75  0.0
0.26  0.0  0.74
0.26  1.0e-2  0.73
0.26  2.0e-2  0.72
0.26  3.0e-2  0.71
0.26  4.0e-2  0.7
0.26  5.0e-2  0.69
0.26  6.0e-2  0.68
0.26  7.0e-2  0.67
0.26  8.0e-2  0.66
0.26  9.0e-2  0.65
0.26  0.1  0.64
0.26  0.11  0.63
0.26  0.12  0.62
0.26  0.13  0.61
0.26  0.14  0.6
0.26  0.15  0.59
0.26  0.16  0.58
0.26  0.17  0.57
0.26  0.18  0.56
0.26  0.19  0.55
0.26  0.2  0.54
0.26  0.21  0.53
0.26  0.22  0.52
0.26  0.23  0.51
0.26  0.24  0.5
0.26  0.25  0.49
0.26  0.26  0.48
0.26  0.27  0.47
0.26  0.28  0.46
0.26  0.29  0.45
0.26  0.3  0.44
0.26  0.31  0.43
0.26  0.32  0.42
0.26  0.33  0.41
0.26  0.34  0.4
0.26  0.35  0.39
0.26  0.36  0.38
0.26  0.37  0.37
0.26  0.38  0.36
0.26  0.39  0.35
0.26  0.4  0.34
0.26  0.41  0.33
0.26  0.42  0.32
0.26  0.43  0.31
0.26  0.44  0.3
0.26  0.45  0.29
0.26  0.46  0.28
0.26  0.47  0.27
0.26  0.48  0.26
0.26  0.49  0.25
0.26  0.5  0.24
0.26  0.51  0.23
0.26  0.52  0.22
0.26  0.53  0.21
0.26  0.54  0.2
0.26  0.55  0.19
0.26  0.56  0.18
0.26  0.57  0.17
0.26  0.58  0.16
0.26  0.59  0.15
0.26  0.6  0.14
0.26  0.61  0.13
0.26  0.62  0.12
0.26  0.63  0.11
0.26  0.64  0.1
0.26  0.65  9.0e-2
0.26  0.66  8.0e-2
0.26  0.67  7.0e-2
0.26  0.68  6.0e-2
0.26  0.69  5.0e-2
0.26  0.7  4.0e-2
0.26  0.71  3.0e-2
0.26  0.72  2.0e-2
0.26  0.73  1.0e-2
0.26  0.74  0.0
0.27  0.0  0.73
0.27  1.0e-2  0.72
0.27  2.0e-2  0.71
0.27  3.0e-2  0.7
0.27  4.0e-2  0.69
0.27  5.0e-2  0.68
0.27  6.0e-2  0.67
0.27  7.0e-2  0.66
0.27  8.0e-2  0.65
0.27  9.0e-2  0.64
0.27  0.1  0.63
0.27  0.11  0.62
0.27  0.12  0.61
0.27  0.13  0.6
0.27  0.14  0.59
0.27  0.15  0.58
0.27  0.16  0.57
0.27  0.17  0.56
0.27  0.18  0.55
0.27  0.19  0.54
0.27  0.2  0.53
0.27  0.21  0.52
0.27  0.22  0.51
0.27  0.23  0.5
0.27  0.24  0.49
0.27  0.25  0.48
0.27  0.26  0.47
0.27  0.27  0.46
0.27  0.28  0.45
0.27  0.29  0.44
0.27  0.3  0.43
0.27  0.31  0.42
0.27  0.32  0.41
0.27  0.33  0.4
0.27  0.34  0.39
0.27  0.35  0.38
0.27  0.36  0.37
0.27  0.37  0.36
0.27  0.38  0.35
0.27  0.39  0.34
0.27  0.4  0.33
0.27  0.41  0.32
0.27  0.42  0.31
0.27  0.43  0.3
0.27  0.44  0.29
0.27  0.45  0.28
0.27  0.46  0.27
0.27  0.47  0.26
0.27  0.48  0.25
0.27  0.49  0.24
0.27  0.5  0.23
0.27  0.51  0.22
0.27  0.52  0.21
0.27  0.53  0.2
0.27  0.54  0.19
0.27  0.55  0.18
0.27  0.56  0.17
0.27  0.57  0.16
0.27  0.58  0.15
0.27  0.59  0.14
0.27  0.6  0.13
0.27  0.61  0.12
0.27  0.62  0.11
0.27  0.63  0.1
0.27  0.64  9.0e-2
0.27  0.65  8.0e-2
0.27  0.66  7.0e-2
0.27  0.67  6.0e-2
0.27  0.68  5.0e-2
0.27  0.69  4.0e-2
0.27  0.7  3.0e-2
0.27  0.71  2.0e-2
0.27  0.72  1.0e-2
0.27  0.73  0.0
0.28  0.0  0.72
0.28  1.0e-2  0.71
0.28  2.0e-2  0.7
0.28  3.0e-2  0.69
0.28  4.0e-2  0.68
0.28  5.0e-2  0.67
0.28  6.0e-2  0.66
0.28  7.0e-2  0.65
0.28  8.0e-2  0.64
0.28  9.0e-2  0.63
0.28  0.1  0.62
0.28  0.11  0.61
0.28  0.12  0.6
0.28  0.13  0.59
0.28  0.14  0.58
0.28  0.15  0.57
0.28  0.16  0.56
0.28  0.17  0.55
0.28  0.18  0.54
0.28  0.19  0.53
0.28  0.2  0.52
0.28  0.21  0.51
0.28  0.22  0.5
0.28  0.23  0.49
0.28  0.24  0.48
0.28  0.25  0.47
0.28  0.26  0.46
0.28  0.27  0.45
0.28  0.28  0.44
0.28  0.29  0.43
0.28  0.3  0.42
0.28  0.31  0.41
0.28  0.32  0.4
0.28  0.33  0.39
0.28  0.34  0.38
0.28  0.35  0.37
0.28  0.36  0.36
0.28  0.37  0.35
0.28  0.38  0.34
0.28  0.39  0.33
0.28  0.4  0.32
0.28  0.41  0.31
0.28  0.42  0.3
0.28  0.43  0.29
0.28  0.44  0.28
0.28  0.45  0.27
0.28  0.46  0.26
0.28  0.47  0.25
0.28  0.48  0.24
0.28  0.49  0.23
0.28  0.5  0.22
0.28  0.51  0.21
0.28  0.52  0.2
0.28  0.53  0.19
0.28  0.54  0.18
0.28  0.55  0.17
0.28  0.56  0.16
0.28  0.57  0.15
0.28  0.58  0.14
0.28  0.59  0.13
0.28  0.6  0.12
0.28  0.61  0.11
0.28  0.62  0.1
0.28  0.63  9.0e-2
0.28  0.64  8.0e-2
0.28  0.65  7.0e-2
0.28  0.66  6.0e-2
0.28  0.67  5.0e-2
0.28  0.68  4.0e-2
0.28  0.69  3.0e-2
0.28  0.7  2.0e-2
0.28  0.71  1.0e-2
0.28  0.72  0.0
0.29  0.0  0.71
0.29  1.0e-2  0.7
0.29  2.0e-2  0.69
0.29  3.0e-2  0.68
0.29  4.0e-2  0.67
0.29  5.0e-2  0.66
0.29  6.0e-2  0.65
0.29  7.0e-2  0.64
0.29  8.0e-2  0.63
0.29  9.0e-2  0.62
0.29  0.1  0.61
0.29  0.11  0.6
0.29  0.12  0.59
0.29  0.13  0.58
0.29  0.14  0.57
0.29  0.15  0.56
0.29  0.16  0.55
0.29  0.17  0.54
0.29  0.18  0.53
0.29  0.19  0.52
0.29  0.2  0.51
0.29  0.21  0.5
0.29  0.22  0.49
0.29  0.23  0.48
0.29  0.24  0.47
0.29  0.25  0.46
0.29  0.26  0.45
0.29  0.27  0.44
0.29  0.28  0.43
0.29  0.29  0.42
0.29  0.3  0.41
0.29  0.31  0.4
0.29  0.32  0.39
0.29  0.33  0.38
0.29  0.34  0.37
0.29  0.35  0.36
0.29  0.36  0.35
0.29  0.37  0.34
0.29  0.38  0.33
0.29  0.39  0.32
0.29  0.4  0.31
0.29  0.41  0.3
0.29  0.42  0.29
0.29  0.43  0.28
0.29  0.44  0.27
0.29  0.45  0.26
0.29  0.46  0.25
0.29  0.47  0.24
0.29  0.48  0.23
0.29  0.49  0.22
0.29  0.5  0.21
0.29  0.51  0.2
0.29  0.52  0.19
0.29  0.53  0.18
0.29  0.54  0.17
0.29  0.55  0.16
0.29  0.56  0.15
0.29  0.57  0.14
0.29  0.58  0.13
0.29  0.59  0.12
0.29  0.6  0.11
0.29  0.61  0.1
0.29  0.62  9.0e-2
0.29  0.63  8.0e-2
0.29  0.64  7.0e-2
0.29  0.65  6.0e-2
0.29  0.66  5.0e-2
0.29  0.67  4.0e-2
0.29  0.68  3.0e-2
0.29  0.69  2.0e-2
0.29  0.7  1.0e-2
0.29  0.71  0.0
0.3  0.0  0.7
0.3  1.0e-2  0.69
0.3  2.0e-2  0.68
0.3  3.0e-2  0.67
0.3  4.0e-2  0.66
0.3  5.0e-2  0.65
0.3  6.0e-2  0.64
0.3  7.0e-2  0.63
0.3  8.0e-2  0.62
0.3  9.0e-2  0.61
0.3  0.1  0.6
0.3  0.11  0.59
0.3  0.12  0.58
0.3  0.13  0.57
0.3  0.14  0.56
0.3  0.15  0.55
0.3  0.16  0.54
0.3  0.17  0.53
0.3  0.18  0.52
0.3  0.19  0.51
0.3  0.2  0.5
0.3  0.21  0.49
0.3  0.22  0.48
0.3  0.23  0.47
0.3  0.24  0.46
0.3  0.25  0.45
0.3  0.26  0.44
0.3  0.27  0.43
0.3  0.28  0.42
0.3  0.29  0.41
0.3  0.3  0.4
0.3  0.31  0.39
0.3  0.32  0.38
0.3  0.33  0.37
0.3  0.34  0.36
0.3  0.35  0.35
0.3  0.36  0.34
0.3  0.37  0.33
0.3  0.38  0.32
0.3  0.39  0.31
0.3  0.4  0.3
0.3  0.41  0.29
0.3  0.42  0.28
0.3  0.43  0.27
0.3  0.44  0.26
0.3  0.45  0.25
0.3  0.46  0.24
0.3  0.47  0.23
0.3  0.48  0.22
0.3  0.49  0.21
0.3  0.5  0.2
0.3  0.51  0.19
0.3  0.52  0.18
0.3  0.53  0.17
0.3  0.54  0.16
0.3  0.55  0.15
0.3  0.56  0.14
0.3  0.57  0.13
0.3  0.58  0.12
0.3  0.59  0.11
0.3  0.6  0.1
0.3  0.61  9.0e-2
0.3  0.62  8.0e-2
0.3  0.63  7.0e-2
0.3  0.64  6.0e-2
0.3  0.65  5.0e-2
0.3  0.66  4.0e-2
0.3  0.67  3.0e-2
0.3  0.68  2.0e-2
0.3  0.69  1.0e-2
0.3  0.7  0.0
0.31  0.0  0.69
0.31  1.0e-2  0.68
0.31  2.0e-2  0.67
0.31  3.0e-2  0.66
0.31  4.0e-2  0.65
0.31  5.0e-2  0.64
0.31  6.0e-2  0.63
0.31  7.0e-2  0.62
0.31  8.0e-2  0.61
0.31  9.0e-2  0.6
0.31  0.1  0.59
0.31  0.11  0.58
0.31  0.12  0.57
0.31  0.13  0.56
0.31  0.14  0.55
0.31  0.15  0.54
0.31  0.16  0.53
0.31  0.17  0.52
0.31  0.18  0.51
0.31  0.19  0.5
0.31  0.2  0.49
0.31  0.21  0.48
0.31  0.22  0.47
0.31  0.23  0.46
0.31  0.24  0.45
0.31  0.25  0.44
0.31  0.26  0.43
0.31  0.27  0.42
0.31  0.28  0.41
0.31  0.29  0.4
0.31  0.3  0.39
0.31  0.31  0.38
0.31  0.32  0.37
0.31  0.33  0.36
0.31  0.34  0.35
0.31  0.35  0.34
0.31  0.36  0.33
0.31  0.37  0.32
0.31  0.38  0.31
0.31  0.39  0.3
0.31  0.4  0.29
0.31  0.41  0.28
0.31  0.42  0.27
0.31  0.43  0.26
0.31  0.44  0.25
0.31  0.45  0.24
0.31  0.46  0.23
0.31  0.47  0.22
0.31  0.48  0.21
0.31  0.49  0.2
0.31  0.5  0.19
0.31  0.51  0.18
0.31  0.52  0.17
0.31  0.53  0.16
0.31  0.54  0.15
0.31  0.55  0.14
0.31  0.56  0.13
0.31  0.57  0.12
0.31  0.58  0.11
0.31  0.59  0.1
0.31  0.6  9.0e-2
0.31  0.61  8.0e-2
0.31  0.62  7.0e-2
0.31  0.63  6.0e-2
0.31  0.64  5.0e-2
0.31  0.65  4.0e-2
0.31  0.66  3.0e-2
0.31  0.67  2.0e-2
0.31  0.68  1.0e-2
0.31  0.69  0.0
0.32  0.0  0.68
0.32  1.0e-2  0.67
0.32  2.0e-2  0.66
0.32  3.0e-2  0.65
0.32  4.0e-2  0.64
0.32  5.0e-2  0.63
0.32  6.0e-2  0.62
0.32  7.0e-2  0.61
0.32  8.0e-2  0.6
0.32  9.0e-2  0.59
0.32  0.1  0.58
0.32  0.11  0.57
0.32  0.12  0.56
0.32  0.13  0.55
0.32  0.14  0.54
0.32  0.15  0.53
0.32  0.16  0.52
0.32  0.17  0.51
0.32  0.18  0.5
0.32  0.19  0.49
0.32  0.2  0.48
0.32  0.21  0.47
0.32  0.22  0.46
0.32  0.23  0.45
0.32  0.24  0.44
0.32  0.25  0.43
0.32  0.26  0.42
0.32  0.27  0.41
0.32  0.28  0.4
0.32  0.29  0.39
0.32  0.3  0.38
0.32  0.31  0.37
0.32  0.32  0.36
0.32  0.33  0.35
0.32  0.34  0.34
0.32  0.35  0.33
0.32  0.36  0.32
0.32  0.37  0.31
0.32  0.38  0.3
0.32  0.39  0.29
0.32  0.4  0.28
0.32  0.41  0.27
0.32  0.42  0.26
0.32  0.43  0.25
0.32  0.44  0.24
0.32  0.45  0.23
0.32  0.46  0.22
0.32  0.47  0.21
0.32  0.48  0.2
0.32  0.49  0.19
0.32  0.5  0.18
0.32  0.51  0.17
0.32  0.52  0.16
0.32  0.53  0.15
0.32  0.54  0.14
0.32  0.55  0.13
0.32  0.56  0.12
0.32  0.57  0.11
0.32  0.58  0.1
0.32  0.59  9.0e-2
0.32  0.6  8.0e-2
0.32  0.61  7.0e-2
0.32  0.62  6.0e-2
0.32  0.63  5.0e-2
0.32  0.64  4.0e-2
0.32  0.65  3.0e-2
0.32  0.66  2.0e-2
0.32  0.67  1.0e-2
0.32  0.68  0.0
0.33  0.0  0.67
0.33  1.0e-2  0.66
0.33  2.0e-2  0.65
0.33  3.0e-2  0.64
0.33  4.0e-2  0.63
0.33  5.0e-2  0.62
0.33  6.0e-2  0.61
0.33  7.0e-2  0.6
0.33  8.0e-2  0.59
0.33  9.0e-2  0.58
0.33  0.1  0.57
0.33  0.11  0.56
0.33  0.12  0.55
0.33  0.13  0.54
0.33  0.14  0.53
0.33  0.15  0.52
0.33  0.16  0.51
0.33  0.17  0.5
0.33  0.18  0.49
0.33  0.19  0.48
0.33  0.2  0.47
0.33  0.21  0.46
0.33  0.22  0.45
0.33  0.23  0.44
0.33  0.24  0.43
0.33  0.25  0.42
0.33  0.26  0.41
0.33  0.27  0.4
0.33  0.28  0.39
0.33  0.29  0.38
0.33  0.3  0.37
0.33  0.31  0.36
0.33  0.32  0.35
0.33  0.33  0.34
0.33  0.34  0.33
0.33  0.35  0.32
0.33  0.36  0.31
0.33  0.37  0.3
0.33  0.38  0.29
0.33  0.39  0.28
0.33  0.4  0.27
0.33  0.41  0.26
0.33  0.42  0.25
0.33  0.43  0.24
0.33  0.44  0.23
0.33  0.45  0.22
0.33  0.46  0.21
0.33  0.47  0.2
0.33  0.48  0.19
0.33  0.49  0.18
0.33  0.5  0.17
0.33  0.51  0.16
0.33  0.52  0.15
0.33  0.53  0.14
0.33  0.54  0.13
0.33  0.55  0.12
0.33  0.56  0.11
0.33  0.57  0.1
0.33  0.58  9.0e-2
0.33  0.59  8.0e-2
0.33  0.6  7.0e-2
0.33  0.61  6.0e-2
0.33  0.62  5.0e-2
0.33  0.63  4.0e-2
0.33  0.64  3.0e-2
0.33  0.65  2.0e-2
0.33  0.66  1.0e-2
0.33  0.67  0.0
0.34  0.0  0.66
0.34  1.0e-2  0.65
0.34  2.0e-2  0.64
0.34  3.0e-2  0.63
0.34  4.0e-2  0.62
0.34  5.0e-2  0.61
0.34  6.0e-2  0.6
0.34  7.0e-2  0.59
0.34  8.0e-2  0.58
0.34  9.0e-2  0.57
0.34  0.1  0.56
0.34  0.11  0.55
0.34  0.12  0.54
0.34  0.13  0.53
0.34  0.14  0.52
0.34  0.15  0.51
0.34  0.16  0.5
0.34  0.17  0.49
0.34  0.18  0.48
0.34  0.19  0.47
0.34  0.2  0.46
0.34  0.21  0.45
0.34  0.22  0.44
0.34  0.23  0.43
0.34  0.24  0.42
0.34  0.25  0.41
0.34  0.26  0.4
0.34  0.27  0.39
0.34  0.28  0.38
0.34  0.29  0.37
0.34  0.3  0.36
0.34  0.31  0.35
0.34  0.32  0.34
0.34  0.33  0.33
0.34  0.34  0.32
0.34  0.35  0.31
0.34  0.36  0.3
0.34  0.37  0.29
0.34  0.38  0.28
0.34  0.39  0.27
0.34  0.4  0.26
0.34  0.41  0.25
0.34  0.42  0.24
0.34  0.43  0.23
0.34  0.44  0.22
0.34  0.45  0.21
0.34  0.46  0.2
0.34  0.47  0.19
0.34  0.48  0.18
0.34  0.49  0.17
0.34  0.5  0.16
0.34  0.51  0.15
0.34  0.52  0.14
0.34  0.53  0.13
0.34  0.54  0.12
0.34  0.55  0.11
0.34  0.56  0.1
0.34  0.57  9.0e-2
0.34  0.58  8.0e-2
0.34  0.59  7.0e-2
0.34  0.6  6.0e-2
0.34  0.61  5.0e-2
0.34  0.62  4.0e-2
0.34  0.63  3.0e-2
0.34  0.64  2.0e-2
0.34  0.65  1.0e-2
0.34  0.66  0.0
0.35  0.0  0.65
0.35  1.0e-2  0.64
0.35  2.0e-2  0.63
0.35  3.0e-2  0.62
0.35  4.0e-2  0.61
0.35  5.0e-2  0.6
0.35  6.0e-2  0.59
0.35  7.0e-2  0.58
0.35  8.0e-2  0.57
0.35  9.0e-2  0.56
0.35  0.1  0.55
0.35  0.11  0.54
0.35  0.12  0.53
0.35  0.13  0.52
0.35  0.14  0.51
0.35  0.15  0.5
0.35  0.16  0.49
0.35  0.17  0.48
0.35  0.18  0.47
0.35  0.19  0.46
0.35  0.2  0.45
0.35  0.21  0.44
0.35  0.22  0.43
0.35  0.23  0.42
0.35  0.24  0.41
0.35  0.25  0.4
0.35  0.26  0.39
0.35  0.27  0.38
0.35  0.28  0.37
0.35  0.29  0.36
0.35  0.3  0.35
0.35  0.31  0.34
0.35  0.32  0.33
0.35  0.33  0.32
0.35  0.34  0.31
0.35  0.35  0.3
0.35  0.36  0.29
0.35  0.37  0.28
0.35  0.38  0.27
0.35  0.39  0.26
0.35  0.4  0.25
0.35  0.41  0.24
0.35  0.42  0.23
0.35  0.43  0.22
0.35  0.44  0.21
0.35  0.45  0.2
0.35  0.46  0.19
0.35  0.47  0.18
0.35  0.48  0.17
0.35  0.49  0.16
0.35  0.5  0.15
0.35  0.51  0.14
0.35  0.52  0.13
0.35  0.53  0.12
0.35  0.54  0.11
0.35  0.55  0.1
0.35  0.56  9.0e-2
0.35  0.57  8.0e-2
0.35  0.58  7.0e-2
0.35  0.59  6.0e-2
0.35  0.6  5.0e-2
0.35  0.61  4.0e-2
0.35  0.62  3.0e-2
0.35  0.63  2.0e-2
0.35  0.64  1.0e-2
0.35  0.65  0.0
0.36  0.0  0.64
0.36  1.0e-2  0.63
0.36  2.0e-2  0.62
0.36  3.0e-2  0.61
0.36  4.0e-2  0.6
0.36  5.0e-2  0.59
0.36  6.0e-2  0.58
0.36  7.0e-2  0.57
0.36  8.0e-2  0.56
0.36  9.0e-2  0.55
0.36  0.1  0.54
0.36  0.11  0.53
0.36  0.12  0.52
0.36  0.13  0.51
0.36  0.14  0.5
0.36  0.15  0.49
0.36  0.16  0.48
0.36  0.17  0.47
0.36  0.18  0.46
0.36  0.19  0.45
0.36  0.2  0.44
0.36  0.21  0.43
0.36  0.22  0.42
0.36  0.23  0.41
0.36  0.24  0.4
0.36  0.25  0.39
0.36  0.26  0.38
0.36  0.27  0.37
0.36  0.28  0.36
0.36  0.29  0.35
0.36  0.3  0.34
0.36  0.31  0.33
0.36  0.32  0.32
0.36  0.33  0.31
0.36  0.34  0.3
0.36  0.35  0.29
0.36  0.36  0.28
0.36  0.37  0.27
0.36  0.38  0.26
0.36  0.39  0.25
0.36  0.4  0.24
0.36  0.41  0.23
0.36  0.42  0.22
0.36  0.43  0.21
0.36  0.44  0.2
0.36  0.45  0.19
0.36  0.46  0.18
0.36  0.47  0.17
0.36  0.48  0.16
0.36  0.49  0.15
0.36  0.5  0.14
0.36  0.51  0.13
0.36  0.52  0.12
0.36  0.53  0.11
0.36  0.54  0.1
0.36  0.55  9.0e-2
0.36  0.56  8.0e-2
0.36  0.57  7.0e-2
0.36  0.58  6.0e-2
0.36  0.59  5.0e-2
0.36  0.6  4.0e-2
0.36  0.61  3.0e-2
0.36  0.62  2.0e-2
0.36  0.63  1.0e-2
0.36  0.64  0.0
0.37  0.0  0.63
0.37  1.0e-2  0.62
0.37  2.0e-2  0.61
0.37  3.0e-2  0.6
0.37  4.0e-2  0.59
0.37  5.0e-2  0.58
0.37  6.0e-2  0.57
0.37  7.0e-2  0.56
0.37  8.0e-2  0.55
0.37  9.0e-2  0.54
0.37  0.1  0.53
0.37  0.11  0.52
0.37  0.12  0.51
0.37  0.13  0.5
0.37  0.14  0.49
0.37  0.15  0.48
0.37  0.16  0.47
0.37  0.17  0.46
0.37  0.18  0.45
0.37  0.19  0.44
0.37  0.2  0.43
0.37  0.21  0.42
0.37  0.22  0.41
0.37  0.23  0.4
0.37  0.24  0.39
0.37  0.25  0.38
0.37  0.26  0.37
0.37  0.27  0.36
0.37  0.28  0.35
0.37  0.29  0.34
0.37  0.3  0.33
0.37  0.31  0.32
0.37  0.32  0.31
0.37  0.33  0.3
0.37  0.34  0.29
0.37  0.35  0.28
0.37  0.36  0.27
0.37  0.37  0.26
0.37  0.38  0.25
0.37  0.39  0.24
0.37  0.4  0.23
0.37  0.41  0.22
0.37  0.42  0.21
0.37  0.43  0.2
0.37  0.44  0.19
0.37  0.45  0.18
0.37  0.46  0.17
0.37  0.47  0.16
0.37  0.48  0.15
0.37  0.49  0.14
0.37  0.5  0.13
0.37  0.51  0.12
0.37  0.52  0.11
0.37  0.53  0.1
0.37  0.54  9.0e-2
0.37  0.55  8.0e-2
0.37  0.56  7.0e-2
0.37  0.57  6.0e-2
0.37  0.58  5.0e-2
0.37  0.59  4.0e-2
0.37  0.6  3.0e-2
0.37  0.61  2.0e-2
0.37  0.62  1.0e-2
0.37  0.63  0.0
0.38  0.0  0.62
0.38  1.0e-2  0.61
0.38  2.0e-2  0.6
0.38  3.0e-2  0.59
0.38  4.0e-2  0.58
0.38  5.0e-2  0.57
0.38  6.0e-2  0.56
0.38  7.0e-2  0.55
0.38  8.0e-2  0.54
0.38  9.0e-2  0.53
0.38  0.1  0.52
0.38  0.11  0.51
0.38  0.12  0.5
0.38  0.13  0.49
0.38  0.14  0.48
0.38  0.15  0.47
0.38  0.16  0.46
0.38  0.17  0.45
0.38  0.18  0.44
0.38  0.19  0.43
0.38  0.2  0.42
0.38  0.21  0.41
0.38  0.22  0.4
0.38  0.23  0.39
0.38  0.24  0.38
0.38  0.25  0.37
0.38  0.26  0.36
0.38  0.27  0.35
0.38  0.28  0.34
0.38  0.29  0.33
0.38  0.3  0.32
0.38  0.31  0.31
0.38  0.32  0.3
0.38  0.33  0.29
0.38  0.34  0.28
0.38  0.35  0.27
0.38  0.36  0.26
0.38  0.37  0.25
0.38  0.38  0.24
0.38  0.39  0.23
0.38  0.4  0.22
0.38  0.41  0.21
0.38  0.42  0.2
0.38  0.43  0.19
0.38  0.44  0.18
0.38  0.45  0.17
0.38  0.46  0.16
0.38  0.47  0.15
0.38  0.48  0.14
0.38  0.49  0.13
0.38  0.5  0.12
0.38  0.51  0.11
0.38  0.52  0.1
0.38  0.53  9.0e-2
0.38  0.54  8.0e-2
0.38  0.55  7.0e-2
0.38  0.56  6.0e-2
0.38  0.57  5.0e-2
0.38  0.58  4.0e-2
0.38  0.59  3.0e-2
0.38  0.6  2.0e-2
0.38  0.61  1.0e-2
0.38  0.62  0.0
0.39  0.0  0.61
0.39  1.0e-2  0.6
0.39  2.0e-2  0.59
0.39  3.0e-2  0.58
0.39  4.0e-2  0.57
0.39  5.0e-2  0.56
0.39  6.0e-2  0.55
0.39  7.0e-2  0.54
0.39  8.0e-2  0.53
0.39  9.0e-2  0.52
0.39  0.1  0.51
0.39  0.11  0.5
0.39  0.12  0.49
0.39  0.13  0.48
0.39  0.14  0.47
0.39  0.15  0.46
0.39  0.16  0.45
0.39  0.17  0.44
0.39  0.18  0.43
0.39  0.19  0.42
0.39  0.2  0.41
0.39  0.21  0.4
0.39  0.22  0.39
0.39  0.23  0.38
0.39  0.24  0.37
0.39  0.25  0.36
0.39  0.26  0.35
0.39  0.27  0.34
0.39  0.28  0.33
0.39  0.29  0.32
0.39  0.3  0.31
0.39  0.31  0.3
0.39  0.32  0.29
0.39  0.33  0.28
0.39  0.34  0.27
0.39  0.35  0.26
0.39  0.36  0.25
0.39  0.37  0.24
0.39  0.38  0.23
0.39  0.39  0.22
0.39  0.4  0.21
0.39  0.41  0.2
0.39  0.42  0.19
0.39  0.43  0.18
0.39  0.44  0.17
0.39  0.45  0.16
0.39  0.46  0.15
0.39  0.47  0.14
0.39  0.48  0.13
0.39  0.49  0.12
0.39  0.5  0.11
0.39  0.51  0.1
0.39  0.52  9.0e-2
0.39  0.53  8.0e-2
0.39  0.54  7.0e-2
0.39  0.55  6.0e-2
0.39  0.56  5.0e-2
0.39  0.57  4.0e-2
0.39  0.58  3.0e-2
0.39  0.59  2.0e-2
0.39  0.6  1.0e-2
0.39  0.61  0.0
0.4  0.0  0.6
0.4  1.0e-2  0.59
0.4  2.0e-2  0.58
0.4  3.0e-2  0.57
0.4  4.0e-2  0.56
0.4  5.0e-2  0.55
0.4  6.0e-2  0.54
0.4  7.0e-2  0.53
0.4  8.0e-2  0.52
0.4  9.0e-2  0.51
0.4  0.1  0.5
0.4  0.11  0.49
0.4  0.12  0.48
0.4  0.13  0.47
0.4  0.14  0.46
0.4  0.15  0.45
0.4  0.16  0.44
0.4  0.17  0.43
0.4  0.18  0.42
0.4  0.19  0.41
0.4  0.2  0.4
0.4  0.21  0.39
0.4  0.22  0.38
0.4  0.23  0.37
0.4  0.24  0.36
0.4  0.25  0.35
0.4  0.26  0.34
0.4  0.27  0.33
0.4  0.28  0.32
0.4  0.29  0.31
0.4  0.3  0.3
0.4  0.31  0.29
0.4  0.32  0.28
0.4  0.33  0.27
0.4  0.34  0.26
0.4  0.35  0.25
0.4  0.36  0.24
0.4  0.37  0.23
0.4  0.38  0.22
0.4  0.39  0.21
0.4  0.4  0.2
0.4  0.41  0.19
0.4  0.42  0.18
0.4  0.43  0.17
0.4  0.44  0.16
0.4  0.45  0.15
0.4  0.46  0.14
0.4  0.47  0.13
0.4  0.48  0.12
0.4  0.49  0.11
0.4  0.5  0.1
0.4  0.51  9.0e-2
0.4  0.52  8.0e-2
0.4  0.53  7.0e-2
0.4  0.54  6.0e-2
0.4  0.55  5.0e-2
0.4  0.56  4.0e-2
0.4  0.57  3.0e-2
0.4  0.58  2.0e-2
0.4  0.59  1.0e-2
0.4  0.6  0.0
0.41  0.0  0.59
0.41  1.0e-2  0.58
0.41  2.0e-2  0.57
0.41  3.0e-2  0.56
0.41  4.0e-2  0.55
0.41  5.0e-2  0.54
0.41  6.0e-2  0.53
0.41  7.0e-2  0.52
0.41  8.0e-2  0.51
0.41  9.0e-2  0.5
0.41  0.1  0.49
0.41  0.11  0.48
0.41  0.12  0.47
0.41  0.13  0.46
0.41  0.14  0.45
0.41  0.15  0.44
0.41  0.16  0.43
0.41  0.17  0.42
0.41  0.18  0.41
0.41  0.19  0.4
0.41  0.2  0.39
0.41  0.21  0.38
0.41  0.22  0.37
0.41  0.23  0.36
0.41  0.24  0.35
0.41  0.25  0.34
0.41  0.26  0.33
0.41  0.27  0.32
0.41  0.28  0.31
0.41  0.29  0.3
0.41  0.3  0.29
0.41  0.31  0.28
0.41  0.32  0.27
0.41  0.33  0.26
0.41  0.34  0.25
0.41  0.35  0.24
0.41  0.36  0.23
0.41  0.37  0.22
0.41  0.38  0.21
0.41  0.39  0.2
0.41  0.4  0.19
0.41  0.41  0.18
0.41  0.42  0.17
0.41  0.43  0.16
0.41  0.44  0.15
0.41  0.45  0.14
0.41  0.46  0.13
0.41  0.47  0.12
0.41  0.48  0.11
0.41  0.49  0.1
0.41  0.5  9.0e-2
0.41  0.51  8.0e-2
0.41  0.52  7.0e-2
0.41  0.53  6.0e-2
0.41  0.54  5.0e-2
0.41  0.55  4.0e-2
0.41  0.56  3.0e-2
0.41  0.57  2.0e-2
0.41  0.58  1.0e-2
0.41  0.59  0.0
0.42  0.0  0.58
0.42  1.0e-2  0.57
0.42  2.0e-2  0.56
0.42  3.0e-2  0.55
0.42  4.0e-2  0.54
0.42  5.0e-2  0.53
0.42  6.0e-2  0.52
0.42  7.0e-2  0.51
0.42  8.0e-2  0.5
0.42  9.0e-2  0.49
0.42  0.1  0.48
0.42  0.11  0.47
0.42  0.12  0.46
0.42  0.13  0.45
0.42  0.14  0.44
0.42  0.15  0.43
0.42  0.16  0.42
0.42  0.17  0.41
0.42  0.18  0.4
0.42  0.19  0.39
0.42  0.2  0.38
0.42  0.21  0.37
0.42  0.22  0.36
0.42  0.23  0.35
0.42  0.24  0.34
0.42  0.25  0.33
0.42  0.26  0.32
0.42  0.27  0.31
0.42  0.28  0.3
0.42  0.29  0.29
0.42  0.3  0.28
0.42  0.31  0.27
0.42  0.32  0.26
0.42  0.33  0.25
0.42  0.34  0.24
0.42  0.35  0.23
0.42  0.36  0.22
0.42  0.37  0.21
0.42  0.38  0.2
0.42  0.39  0.19
0.42  0.4  0.18
0.42  0.41  0.17
0.42  0.42  0.16
0.42  0.43  0.15
0.42  0.44  0.14
0.42  0.45  0.13
0.42  0.46  0.12
0.42  0.47  0.11
0.42  0.48  0.1
0.42  0.49  9.0e-2
0.42  0.5  8.0e-2
0.42  0.51  7.0e-2
0.42  0.52  6.0e-2
0.42  0.53  5.0e-2
0.42  0.54  4.0e-2
0.42  0.55  3.0e-2
0.42  0.56  2.0e-2
0.42  0.57  1.0e-2
0.42  0.58  0.0
0.43  0.0  0.57
0.43  1.0e-2  0.56
0.43  2.0e-2  0.55
0.43  3.0e-2  0.54
0.43  4.0e-2  0.53
0.43  5.0e-2  0.52
0.43  6.0e-2  0.51
0.43  7.0e-2  0.5
0.43  8.0e-2  0.49
0.43  9.0e-2  0.48
0.43  0.1  0.47
0.43  0.11  0.46
0.43  0.12  0.45
0.43  0.13  0.44
0.43  0.14  0.43
0.43  0.15  0.42
0.43  0.16  0.41
0.43  0.17  0.4
0.43  0.18  0.39
0.43  0.19  0.38
0.43  0.2  0.37
0.43  0.21  0.36
0.43  0.22  0.35
0.43  0.23  0.34
0.43  0.24  0.33
0.43  0.25  0.32
0.43  0.26  0.31
0.43  0.27  0.3
0.43  0.28  0.29
0.43  0.29  0.28
0.43  0.3  0.27
0.43  0.31  0.26
0.43  0.32  0.25
0.43  0.33  0.24
0.43  0.34  0.23
0.43  0.35  0.22
0.43  0.36  0.21
0.43  0.37  0.2
0.43  0.38  0.19
0.43  0.39  0.18
0.43  0.4  0.17
0.43  0.41  0.16
0.43  0.42  0.15
0.43  0.43  0.14
0.43  0.44  0.13
0.43  0.45  0.12
0.43  0.46  0.11
0.43  0.47  0.1
0.43  0.48  9.0e-2
0.43  0.49  8.0e-2
0.43  0.5  7.0e-2
0.43  0.51  6.0e-2
0.43  0.52  5.0e-2
0.43  0.53  4.0e-2
0.43  0.54  3.0e-2
0.43  0.55  2.0e-2
0.43  0.56  1.0e-2
0.43  0.57  0.0
0.44  0.0  0.56
0.44  1.0e-2  0.55
0.44  2.0e-2  0.54
0.44  3.0e-2  0.53
0.44  4.0e-2  0.52
0.44  5.0e-2  0.51
0.44  6.0e-2  0.5
0.44  7.0e-2  0.49
0.44  8.0e-2  0.48
0.44  9.0e-2  0.47
0.44  0.1  0.46
0.44  0.11  0.45
0.44  0.12  0.44
0.44  0.13  0.43
0.44  0.14  0.42
0.44  0.15  0.41
0.44  0.16  0.4
0.44  0.17  0.39
0.44  0.18  0.38
0.44  0.19  0.37
0.44  0.2  0.36
0.44  0.21  0.35
0.44  0.22  0.34
0.44  0.23  0.33
0.44  0.24  0.32
0.44  0.25  0.31
0.44  0.26  0.3
0.44  0.27  0.29
0.44  0.28  0.28
0.44  0.29  0.27
0.44  0.3  0.26
0.44  0.31  0.25
0.44  0.32  0.24
0.44  0.33  0.23
0.44  0.34  0.22
0.44  0.35  0.21
0.44  0.36  0.2
0.44  0.37  0.19
0.44  0.38  0.18
0.44  0.39  0.17
0.44  0.4  0.16
0.44  0.41  0.15
0.44  0.42  0.14
0.44  0.43  0.13
0.44  0.44  0.12
0.44  0.45  0.11
0.44  0.46  0.1
0.44  0.47  9.0e-2
0.44  0.48  8.0e-2
0.44  0.49  7.0e-2
0.44  0.5  6.0e-2
0.44  0.51  5.0e-2
0.44  0.52  4.0e-2
0.44  0.53  3.0e-2
0.44  0.54  2.0e-2
0.44  0.55  1.0e-2
0.44  0.56  0.0
0.45  0.0  0.55
0.45  1.0e-2  0.54
0.45  2.0e-2  0.53
0.45  3.0e-2  0.52
0.45  4.0e-2  0.51
0.45  5.0e-2  0.5
0.45  6.0e-2  0.49
0.45  7.0e-2  0.48
0.45  8.0e-2  0.47
0.45  9.0e-2  0.46
0.45  0.1  0.45
0.45  0.11  0.44
0.45  0.12  0.43
0.45  0.13  0.42
0.45  0.14  0.41
0.45  0.15  0.4
0.45  0.16  0.39
0.45  0.17  0.38
0.45  0.18  0.37
0.45  0.19  0.36
0.45  0.2  0.35
0.45  0.21  0.34
0.45  0.22  0.33
0.45  0.23  0.32
0.45  0.24  0.31
0.45  0.25  0.3
0.45  0.26  0.29
0.45  0.27  0.28
0.45  0.28  0.27
0.45  0.29  0.26
0.45  0.3  0.25
0.45  0.31  0.24
0.45  0.32  0.23
0.45  0.33  0.22
0.45  0.34  0.21
0.45  0.35  0.2
0.45  0.36  0.19
0.45  0.37  0.18
0.45  0.38  0.17
0.45  0.39  0.16
0.45  0.4  0.15
0.45  0.41  0.14
0.45  0.42  0.13
0.45  0.43  0.12
0.45  0.44  0.11
0.45  0.45  0.1
0.45  0.46  9.0e-2
0.45  0.47  8.0e-2
0.45  0.48  7.0e-2
0.45  0.49  6.0e-2
0.45  0.5  5.0e-2
0.45  0.51  4.0e-2
0.45  0.52  3.0e-2
0.45  0.53  2.0e-2
0.45  0.54  1.0e-2
0.45  0.55  0.0
0.46  0.0  0.54
0.46  1.0e-2  0.53
0.46  2.0e-2  0.52
0.46  3.0e-2  0.51
0.46  4.0e-2  0.5
0.46  5.0e-2  0.49
0.46  6.0e-2  0.48
0.46  7.0e-2  0.47
0.46  8.0e-2  0.46
0.46  9.0e-2  0.45
0.46  0.1  0.44
0.46  0.11  0.43
0.46  0.12  0.42
0.46  0.13  0.41
0.46  0.14  0.4
0.46  0.15  0.39
0.46  0.16  0.38
0.46  0.17  0.37
0.46  0.18  0.36
0.46  0.19  0.35
0.46  0.2  0.34
0.46  0.21  0.33
0.46  0.22  0.32
0.46  0.23  0.31
0.46  0.24  0.3
0.46  0.25  0.29
0.46  0.26  0.28
0.46  0.27  0.27
0.46  0.28  0.26
0.46  0.29  0.25
0.46  0.3  0.24
0.46  0.31  0.23
0.46  0.32  0.22
0.46  0.33  0.21
0.46  0.34  0.2
0.46  0.35  0.19
0.46  0.36  0.18
0.46  0.37  0.17
0.46  0.38  0.16
0.46  0.39  0.15
0.46  0.4  0.14
0.46  0.41  0.13
0.46  0.42  0.12
0.46  0.43  0.11
0.46  0.44  0.1
0.46  0.45  9.0e-2
0.46  0.46  8.0e-2
0.46  0.47  7.0e-2
0.46  0.48  6.0e-2
0.46  0.49  5.0e-2
0.46  0.5  4.0e-2
0.46  0.51  3.0e-2
0.46  0.52  2.0e-2
0.46  0.53  1.0e-2
0.46  0.54  0.0
0.47  0.0  0.53
0.47  1.0e-2  0.52
0.47  2.0e-2  0.51
0.47  3.0e-2  0.5
0.47  4.0e-2  0.49
0.47  5.0e-2  0.48
0.47  6.0e-2  0.47
0.47  7.0e-2  0.46
0.47  8.0e-2  0.45
0.47  9.0e-2  0.44
0.47  0.1  0.43
0.47  0.11  0.42
0.47  0.12  0.41
0.47  0.13  0.4
0.47  0.14  0.39
0.47  0.15  0.38
0.47  0.16  0.37
0.47  0.17  0.36
0.47  0.18  0.35
0.47  0.19  0.34
0.47  0.2  0.33
0.47  0.21  0.32
0.47  0.22  0.31
0.47  0.23  0.3
0.47  0.24  0.29
0.47  0.25  0.28
0.47  0.26  0.27
0.47  0.27  0.26
0.47  0.28  0.25
0.47  0.29  0.24
0.47  0.3  0.23
0.47  0.31  0.22
0.47  0.32  0.21
0.47  0.33  0.2
0.47  0.34  0.19
0.47  0.35  0.18
0.47  0.36  0.17
0.47  0.37  0.16
0.47  0.38  0.15
0.47  0.39  0.14
0.47  0.4  0.13
0.47  0.41  0.12
0.47  0.42  0.11
0.47  0.43  0.1
0.47  0.44  9.0e-2
0.47  0.45  8.0e-2
0.47  0.46  7.0e-2
0.47  0.47  6.0e-2
0.47  0.48  5.0e-2
0.47  0.49  4.0e-2
0.47  0.5  3.0e-2
0.47  0.51  2.0e-2
0.47  0.52  1.0e-2
0.47  0.53  0.0
0.48  0.0  0.52
0.48  1.0e-2  0.51
0.48  2.0e-2  0.5
0.48  3.0e-2  0.49
0.48  4.0e-2  0.48
0.48  5.0e-2  0.47
0.48  6.0e-2  0.46
0.48  7.0e-2  0.45
0.48  8.0e-2  0.44
0.48  9.0e-2  0.43
0.48  0.1  0.42
0.48  0.11  0.41
0.48  0.12  0.4
0.48  0.13  0.39
0.48  0.14  0.38
0.48  0.15  0.37
0.48  0.16  0.36
0.48  0.17  0.35
0.48  0.18  0.34
0.48  0.19  0.33
0.48  0.2  0.32
0.48  0.21  0.31
0.48  0.22  0.3
0.48  0.23  0.29
0.48  0.24  0.28
0.48  0.25  0.27
0.48  0.26  0.26
0.48  0.27  0.25
0.48  0.28  0.24
0.48  0.29  0.23
0.48  0.3  0.22
0.48  0.31  0.21
0.48  0.32  0.2
0.48  0.33  0.19
0.48  0.34  0.18
0.48  0.35  0.17
0.48  0.36  0.16
0.48  0.37  0.15
0.48  0.38  0.14
0.48  0.39  0.13
0.48  0.4  0.12
0.48  0.41  0.11
0.48  0.42  0.1
0.48  0.43  9.0e-2
0.48  0.44  8.0e-2
0.48  0.45  7.0e-2
0.48  0.46  6.0e-2
0.48  0.47  5.0e-2
0.48  0.48  4.0e-2
0.48  0.49  3.0e-2
0.48  0.5  2.0e-2
0.48  0.51  1.0e-2
0.48  0.52  0.0
0.49  0.0  0.51
0.49  1.0e-2  0.5
0.49  2.0e-2  0.49
0.49  3.0e-2  0.48
0.49  4.0e-2  0.47
0.49  5.0e-2  0.46
0.49  6.0e-2  0.45
0.49  7.0e-2  0.44
0.49  8.0e-2  0.43
0.49  9.0e-2  0.42
0.49  0.1  0.41
0.49  0.11  0.4
0.49  0.12  0.39
0.49  0.13  0.38
0.49  0.14  0.37
0.49  0.15  0.36
0.49  0.16  0.35
0.49  0.17  0.34
0.49  0.18  0.33
0.49  0.19  0.32
0.49  0.2  0.31
0.49  0.21  0.3
0.49  0.22  0.29
0.49  0.23  0.28
0.49  0.24  0.27
0.49  0.25  0.26
0.49  0.26  0.25
0.49  0.27  0.24
0.49  0.28  0.23
0.49  0.29  0.22
0.49  0.3  0.21
0.49  0.31  0.2
0.49  0.32  0.19
0.49  0.33  0.18
0.49  0.34  0.17
0.49  0.35  0.16
0.49  0.36  0.15
0.49  0.37  0.14
0.49  0.38  0.13
0.49  0.39  0.12
0.49  0.4  0.11
0.49  0.41  0.1
0.49  0.42  9.0e-2
0.49  0.43  8.0e-2
0.49  0.44  7.0e-2
0.49  0.45  6.0e-2
0.49  0.46  5.0e-2
0.49  0.47  4.0e-2
0.49  0.48  3.0e-2
0.49  0.49  2.0e-2
0.49  0.5  1.0e-2
0.49  0.51  0.0
0.5  0.0  0.5
0.5  1.0e-2  0.49
0.5  2.0e-2  0.48
0.5  3.0e-2  0.47
0.5  4.0e-2  0.46
0.5  5.0e-2  0.45
0.5  6.0e-2  0.44
0.5  7.0e-2  0.43
0.5  8.0e-2  0.42
0.5  9.0e-2  0.41
0.5  0.1  0.4
0.5  0.11  0.39
0.5  0.12  0.38
0.5  0.13  0.37
0.5  0.14  0.36
0.5  0.15  0.35
0.5  0.16  0.34
0.5  0.17  0.33
0.5  0.18  0.32
0.5  0.19  0.31
0.5  0.2  0.3
0.5  0.21  0.29
0.5  0.22  0.28
0.5  0.23  0.27
0.5  0.24  0.26
0.5  0.25  0.25
0.5  0.26  0.24
0.5  0.27  0.23
0.5  0.28  0.22
0.5  0.29  0.21
0.5  0.3  0.2
0.5  0.31  0.19
0.5  0.32  0.18
0.5  0.33  0.17
0.5  0.34  0.16
0.5  0.35  0.15
0.5  0.36  0.14
0.5  0.37  0.13
0.5  0.38  0.12
0.5  0.39  0.11
0.5  0.4  0.1
0.5  0.41  9.0e-2
0.5  0.42  8.0e-2
0.5  0.43  7.0e-2
0.5  0.44  6.0e-2
0.5  0.45  5.0e-2
0.5  0.46  4.0e-2
0.5  0.47  3.0e-2
0.5  0.48  2.0e-2
0.5  0.49  1.0e-2
0.5  0.5  0.0
0.51  0.0  0.49
0.51  1.0e-2  0.48
0.51  2.0e-2  0.47
0.51  3.0e-2  0.46
0.51  4.0e-2  0.45
0.51  5.0e-2  0.44
0.51  6.0e-2  0.43
0.51  7.0e-2  0.42
0.51  8.0e-2  0.41
0.51  9.0e-2  0.4
0.51  0.1  0.39
0.51  0.11  0.38
0.51  0.12  0.37
0.51  0.13  0.36
0.51  0.14  0.35
0.51  0.15  0.34
0.51  0.16  0.33
0.51  0.17  0.32
0.51  0.18  0.31
0.51  0.19  0.3
0.51  0.2  0.29
0.51  0.21  0.28
0.51  0.22  0.27
0.51  0.23  0.26
0.51  0.24  0.25
0.51  0.25  0.24
0.51  0.26  0.23
0.51  0.27  0.22
0.51  0.28  0.21
0.51  0.29  0.2
0.51  0.3  0.19
0.51  0.31  0.18
0.51  0.32  0.17
0.51  0.33  0.16
0.51  0.34  0.15
0.51  0.35  0.14
0.51  0.36  0.13
0.51  0.37  0.12
0.51  0.38  0.11
0.51  0.39  0.1
0.51  0.4  9.0e-2
0.51  0.41  8.0e-2
0.51  0.42  7.0e-2
0.51  0.43  6.0e-2
0.51  0.44  5.0e-2
0.51  0.45  4.0e-2
0.51  0.46  3.0e-2
0.51  0.47  2.0e-2
0.51  0.48  1.0e-2
0.51  0.49  0.0
0.52  0.0  0.48
0.52  1.0e-2  0.47
0.52  2.0e-2  0.46
0.52  3.0e-2  0.45
0.52  4.0e-2  0.44
0.52  5.0e-2  0.43
0.52  6.0e-2  0.42
0.52  7.0e-2  0.41
0.52  8.0e-2  0.4
0.52  9.0e-2  0.39
0.52  0.1  0.38
0.52  0.11  0.37
0.52  0.12  0.36
0.52  0.13  0.35
0.52  0.14  0.34
0.52  0.15  0.33
0.52  0.16  0.32
0.52  0.17  0.31
0.52  0.18  0.3
0.52  0.19  0.29
0.52  0.2  0.28
0.52  0.21  0.27
0.52  0.22  0.26
0.52  0.23  0.25
0.52  0.24  0.24
0.52  0.25  0.23
0.52  0.26  0.22
0.52  0.27  0.21
0.52  0.28  0.2
0.52  0.29  0.19
0.52  0.3  0.18
0.52  0.31  0.17
0.52  0.32  0.16
0.52  0.33  0.15
0.52  0.34  0.14
0.52  0.35  0.13
0.52  0.36  0.12
0.52  0.37  0.11
0.52  0.38  0.1
0.52  0.39  9.0e-2
0.52  0.4  8.0e-2
0.52  0.41  7.0e-2
0.52  0.42  6.0e-2
0.52  0.43  5.0e-2
0.52  0.44  4.0e-2
0.52  0.45  3.0e-2
0.52  0.46  2.0e-2
0.52  0.47  1.0e-2
0.52  0.48  0.0
0.53  0.0  0.47
0.53  1.0e-2  0.46
0.53  2.0e-2  0.45
0.53  3.0e-2  0.44
0.53  4.0e-2  0.43
0.53  5.0e-2  0.42
0.53  6.0e-2  0.41
0.53  7.0e-2  0.4
0.53  8.0e-2  0.39
0.53  9.0e-2  0.38
0.53  0.1  0.37
0.53  0.11  0.36
0.53  0.12  0.35
0.53  0.13  0.34
0.53  0.14  0.33
0.53  0.15  0.32
0.53  0.16  0.31
0.53  0.17  0.3
0.53  0.18  0.29
0.53  0.19  0.28
0.53  0.2  0.27
0.53  0.21  0.26
0.53  0.22  0.25
0.53  0.23  0.24
0.53  0.24  0.23
0.53  0.25  0.22
0.53  0.26  0.21
0.53  0.27  0.2
0.53  0.28  0.19
0.53  0.29  0.18
0.53  0.3  0.17
0.53  0.31  0.16
0.53  0.32  0.15
0.53  0.33  0.14
0.53  0.34  0.13
0.53  0.35  0.12
0.53  0.36  0.11
0.53  0.37  0.1
0.53  0.38  9.0e-2
0.53  0.39  8.0e-2
0.53  0.4  7.0e-2
0.53  0.41  6.0e-2
0.53  0.42  5.0e-2
0.53  0.43  4.0e-2
0.53  0.44  3.0e-2
0.53  0.45  2.0e-2
0.53  0.46  1.0e-2
0.53  0.47  0.0
0.54  0.0  0.46
0.54  1.0e-2  0.45
0.54  2.0e-2  0.44
0.54  3.0e-2  0.43
0.54  4.0e-2  0.42
0.54  5.0e-2  0.41
0.54  6.0e-2  0.4
0.54  7.0e-2  0.39
0.54  8.0e-2  0.38
0.54  9.0e-2  0.37
0.54  0.1  0.36
0.54  0.11  0.35
0.54  0.12  0.34
0.54  0.13  0.33
0.54  0.14  0.32
0.54  0.15  0.31
0.54  0.16  0.3
0.54  0.17  0.29
0.54  0.18  0.28
0.54  0.19  0.27
0.54  0.2  0.26
0.54  0.21  0.25
0.54  0.22  0.24
0.54  0.23  0.23
0.54  0.24  0.22
0.54  0.25  0.21
0.54  0.26  0.2
0.54  0.27  0.19
0.54  0.28  0.18
0.54  0.29  0.17
0.54  0.3  0.16
0.54  0.31  0.15
0.54  0.32  0.14
0.54  0.33  0.13
0.54  0.34  0.12
0.54  0.35  0.11
0.54  0.36  0.1
0.54  0.37  9.0e-2
0.54  0.38  8.0e-2
0.54  0.39  7.0e-2
0.54  0.4  6.0e-2
0.54  0.41  5.0e-2
0.54  0.42  4.0e-2
0.54  0.43  3.0e-2
0.54  0.44  2.0e-2
0.54  0.45  1.0e-2
0.54  0.46  0.0
0.55  0.0  0.45
0.55  1.0e-2  0.44
0.55  2.0e-2  0.43
0.55  3.0e-2  0.42
0.55  4.0e-2  0.41
0.55  5.0e-2  0.4
0.55  6.0e-2  0.39
0.55  7.0e-2  0.38
0.55  8.0e-2  0.37
0.55  9.0e-2  0.36
0.55  0.1  0.35
0.55  0.11  0.34
0.55  0.12  0.33
0.55  0.13  0.32
0.55  0.14  0.31
0.55  0.15  0.3
0.55  0.16  0.29
0.55  0.17  0.28
0.55  0.18  0.27
0.55  0.19  0.26
0.55  0.2  0.25
0.55  0.21  0.24
0.55  0.22  0.23
0.55  0.23  0.22
0.55  0.24  0.21
0.55  0.25  0.2
0.55  0.26  0.19
0.55  0.27  0.18
0.55  0.28  0.17
0.55  0.29  0.16
0.55  0.3  0.15
0.55  0.31  0.14
0.55  0.32  0.13
0.55  0.33  0.12
0.55  0.34  0.11
0.55  0.35  0.1
0.55  0.36  9.0e-2
0.55  0.37  8.0e-2
0.55  0.38  7.0e-2
0.55  0.39  6.0e-2
0.55  0.4  5.0e-2
0.55  0.41  4.0e-2
0.55  0.42  3.0e-2
0.55  0.43  2.0e-2
0.55  0.44  1.0e-2
0.55  0.45  0.0
0.56  0.0  0.44
0.56  1.0e-2  0.43
0.56  2.0e-2  0.42
0.56  3.0e-2  0.41
0.56  4.0e-2  0.4
0.56  5.0e-2  0.39
0.56  6.0e-2  0.38
0.56  7.0e-2  0.37
0.56  8.0e-2  0.36
0.56  9.0e-2  0.35
0.56  0.1  0.34
0.56  0.11  0.33
0.56  0.12  0.32
0.56  0.13  0.31
0.56  0.14  0.3
0.56  0.15  0.29
0.56  0.16  0.28
0.56  0.17  0.27
0.56  0.18  0.26
0.56  0.19  0.25
0.56  0.2  0.24
0.56  0.21  0.23
0.56  0.22  0.22
0.56  0.23  0.21
0.56  0.24  0.2
0.56  0.25  0.19
0.56  0.26  0.18
0.56  0.27  0.17
0.56  0.28  0.16
0.56  0.29  0.15
0.56  0.3  0.14
0.56  0.31  0.13
0.56  0.32  0.12
0.56  0.33  0.11
0.56  0.34  0.1
0.56  0.35  9.0e-2
0.56  0.36  8.0e-2
0.56  0.37  7.0e-2
0.56  0.38  6.0e-2
0.56  0.39  5.0e-2
0.56  0.4  4.0e-2
0.56  0.41  3.0e-2
0.56  0.42  2.0e-2
0.56  0.43  1.0e-2
0.56  0.44  0.0
0.57  0.0  0.43
0.57  1.0e-2  0.42
0.57  2.0e-2  0.41
0.57  3.0e-2  0.4
0.57  4.0e-2  0.39
0.57  5.0e-2  0.38
0.57  6.0e-2  0.37
0.57  7.0e-2  0.36
0.57  8.0e-2  0.35
0.57  9.0e-2  0.34
0.57  0.1  0.33
0.57  0.11  0.32
0.57  0.12  0.31
0.57  0.13  0.3
0.57  0.14  0.29
0.57  0.15  0.28
0.57  0.16  0.27
0.57  0.17  0.26
0.57  0.18  0.25
0.57  0.19  0.24
0.57  0.2  0.23
0.57  0.21  0.22
0.57  0.22  0.21
0.57  0.23  0.2
0.57  0.24  0.19
0.57  0.25  0.18
0.57  0.26  0.17
0.57  0.27  0.16
0.57  0.28  0.15
0.57  0.29  0.14
0.57  0.3  0.13
0.57  0.31  0.12
0.57  0.32  0.11
0.57  0.33  0.1
0.57  0.34  9.0e-2
0.57  0.35  8.0e-2
0.57  0.36  7.0e-2
0.57  0.37  6.0e-2
0.57  0.38  5.0e-2
0.57  0.39  4.0e-2
0.57  0.4  3.0e-2
0.57  0.41  2.0e-2
0.57  0.42  1.0e-2
0.57  0.43  0.0
0.58  0.0  0.42
0.58  1.0e-2  0.41
0.58  2.0e-2  0.4
0.58  3.0e-2  0.39
0.58  4.0e-2  0.38
0.58  5.0e-2  0.37
0.58  6.0e-2  0.36
0.58  7.0e-2  0.35
0.58  8.0e-2  0.34
0.58  9.0e-2  0.33
0.58  0.1  0.32
0.58  0.11  0.31
0.58  0.12  0.3
0.58  0.13  0.29
0.58  0.14  0.28
0.58  0.15  0.27
0.58  0.16  0.26
0.58  0.17  0.25
0.58  0.18  0.24
0.58  0.19  0.23
0.58  0.2  0.22
0.58  0.21  0.21
0.58  0.22  0.2
0.58  0.23  0.19
0.58  0.24  0.18
0.58  0.25  0.17
0.58  0.26  0.16
0.58  0.27  0.15
0.58  0.28  0.14
0.58  0.29  0.13
0.58  0.3  0.12
0.58  0.31  0.11
0.58  0.32  0.1
0.58  0.33  9.0e-2
0.58  0.34  8.0e-2
0.58  0.35  7.0e-2
0.58  0.36  6.0e-2
0.58  0.37  5.0e-2
0.58  0.38  4.0e-2
0.58  0.39  3.0e-2
0.58  0.4  2.0e-2
0.58  0.41  1.0e-2
0.58  0.42  0.0
0.59  0.0  0.41
0.59  1.0e-2  0.4
0.59  2.0e-2  0.39
0.59  3.0e-2  0.38
0.59  4.0e-2  0.37
0.59  5.0e-2  0.36
0.59  6.0e-2  0.35
0.59  7.0e-2  0.34
0.59  8.0e-2  0.33
0.59  9.0e-2  0.32
0.59  0.1  0.31
0.59  0.11  0.3
0.59  0.12  0.29
0.59  0.13  0.28
0.59  0.14  0.27
0.59  0.15  0.26
0.59  0.16  0.25
0.59  0.17  0.24
0.59  0.18  0.23
0.59  0.19  0.22
0.59  0.2  0.21
0.59  0.21  0.2
0.59  0.22  0.19
0.59  0.23  0.18
0.59  0.24  0.17
0.59  0.25  0.16
0.59  0.26  0.15
0.59  0.27  0.14
0.59  0.28  0.13
0.59  0.29  0.12
0.59  0.3  0.11
0.59  0.31  0.1
0.59  0.32  9.0e-2
0.59  0.33  8.0e-2
0.59  0.34  7.0e-2
0.59  0.35  6.0e-2
0.59  0.36  5.0e-2
0.59  0.37  4.0e-2
0.59  0.38  3.0e-2
0.59  0.39  2.0e-2
0.59  0.4  1.0e-2
0.59  0.41  0.0
0.6  0.0  0.4
0.6  1.0e-2  0.39
0.6  2.0e-2  0.38
0.6  3.0e-2  0.37
0.6  4.0e-2  0.36
0.6  5.0e-2  0.35
0.6  6.0e-2  0.34
0.6  7.0e-2  0.33
0.6  8.0e-2  0.32
0.6  9.0e-2  0.31
0.6  0.1  0.3
0.6  0.11  0.29
0.6  0.12  0.28
0.6  0.13  0.27
0.6  0.14  0.26
0.6  0.15  0.25
0.6  0.16  0.24
0.6  0.17  0.23
0.6  0.18  0.22
0.6  0.19  0.21
0.6  0.2  0.2
0.6  0.21  0.19
0.6  0.22  0.18
0.6  0.23  0.17
0.6  0.24  0.16
0.6  0.25  0.15
0.6  0.26  0.14
0.6  0.27  0.13
0.6  0.28  0.12
0.6  0.29  0.11
0.6  0.3  0.1
0.6  0.31  9.0e-2
0.6  0.32  8.0e-2
0.6  0.33  7.0e-2
0.6  0.34  6.0e-2
0.6  0.35  5.0e-2
0.6  0.36  4.0e-2
0.6  0.37  3.0e-2
0.6  0.38  2.0e-2
0.6  0.39  1.0e-2
0.6  0.4  0.0
0.61  0.0  0.39
0.61  1.0e-2  0.38
0.61  2.0e-2  0.37
0.61  3.0e-2  0.36
0.61  4.0e-2  0.35
0.61  5.0e-2  0.34
0.61  6.0e-2  0.33
0.61  7.0e-2  0.32
0.61  8.0e-2  0.31
0.61  9.0e-2  0.3
0.61  0.1  0.29
0.61  0.11  0.28
0.61  0.12  0.27
0.61  0.13  0.26
0.61  0.14  0.25
0.61  0.15  0.24
0.61  0.16  0.23
0.61  0.17  0.22
0.61  0.18  0.21
0.61  0.19  0.2
0.61  0.2  0.19
0.61  0.21  0.18
0.61  0.22  0.17
0.61  0.23  0.16
0.61  0.24  0.15
0.61  0.25  0.14
0.61  0.26  0.13
0.61  0.27  0.12
0.61  0.28  0.11
0.61  0.29  0.1
0.61  0.3  9.0e-2
0.61  0.31  8.0e-2
0.61  0.32  7.0e-2
0.61  0.33  6.0e-2
0.61  0.34  5.0e-2
0.61  0.35  4.0e-2
0.61  0.36  3.0e-2
0.61  0.37  2.0e-2
0.61  0.38  1.0e-2
0.61  0.39  0.0
0.62  0.0  0.38
0.62  1.0e-2  0.37
0.62  2.0e-2  0.36
0.62  3.0e-2  0.35
0.62  4.0e-2  0.34
0.62  5.0e-2  0.33
0.62  6.0e-2  0.32
0.62  7.0e-2  0.31
0.62  8.0e-2  0.3
0.62  9.0e-2  0.29
0.62  0.1  0.28
0.62  0.11  0.27
0.62  0.12  0.26
0.62  0.13  0.25
0.62  0.14  0.24
0.62  0.15  0.23
0.62  0.16  0.22
0.62  0.17  0.21
0.62  0.18  0.2
0.62  0.19  0.19
0.62  0.2  0.18
0.62  0.21  0.17
0.62  0.22  0.16
0.62  0.23  0.15
0.62  0.24  0.14
0.62  0.25  0.13
0.62  0.26  0.12
0.62  0.27  0.11
0.62  0.28  0.1
0.62  0.29  9.0e-2
0.62  0.3  8.0e-2
0.62  0.31  7.0e-2
0.62  0.32  6.0e-2
0.62  0.33  5.0e-2
0.62  0.34  4.0e-2
0.62  0.35  3.0e-2
0.62  0.36  2.0e-2
0.62  0.37  1.0e-2
0.62  0.38  0.0
0.63  0.0  0.37
0.63  1.0e-2  0.36
0.63  2.0e-2  0.35
0.63  3.0e-2  0.34
0.63  4.0e-2  0.33
0.63  5.0e-2  0.32
0.63  6.0e-2  0.31
0.63  7.0e-2  0.3
0.63  8.0e-2  0.29
0.63  9.0e-2  0.28
0.63  0.1  0.27
0.63  0.11  0.26
0.63  0.12  0.25
0.63  0.13  0.24
0.63  0.14  0.23
0.63  0.15  0.22
0.63  0.16  0.21
0.63  0.17  0.2
0.63  0.18  0.19
0.63  0.19  0.18
0.63  0.2  0.17
0.63  0.21  0.16
0.63  0.22  0.15
0.63  0.23  0.14
0.63  0.24  0.13
0.63  0.25  0.12
0.63  0.26  0.11
0.63  0.27  0.1
0.63  0.28  9.0e-2
0.63  0.29  8.0e-2
0.63  0.3  7.0e-2
0.63  0.31  6.0e-2
0.63  0.32  5.0e-2
0.63  0.33  4.0e-2
0.63  0.34  3.0e-2
0.63  0.35  2.0e-2
0.63  0.36  1.0e-2
0.63  0.37  0.0
0.64  0.0  0.36
0.64  1.0e-2  0.35
0.64  2.0e-2  0.34
0.64  3.0e-2  0.33
0.64  4.0e-2  0.32
0.64  5.0e-2  0.31
0.64  6.0e-2  0.3
0.64  7.0e-2  0.29
0.64  8.0e-2  0.28
0.64  9.0e-2  0.27
0.64  0.1  0.26
0.64  0.11  0.25
0.64  0.12  0.24
0.64  0.13  0.23
0.64  0.14  0.22
0.64  0.15  0.21
0.64  0.16  0.2
0.64  0.17  0.19
0.64  0.18  0.18
0.64  0.19  0.17
0.64  0.2  0.16
0.64  0.21  0.15
0.64  0.22  0.14
0.64  0.23  0.13
0.64  0.24  0.12
0.64  0.25  0.11
0.64  0.26  0.1
0.64  0.27  9.0e-2
0.64  0.28  8.0e-2
0.64  0.29  7.0e-2
0.64  0.3  6.0e-2
0.64  0.31  5.0e-2
0.64  0.32  4.0e-2
0.64  0.33  3.0e-2
0.64  0.34  2.0e-2
0.64  0.35  1.0e-2
0.64  0.36  0.0
0.65  0.0  0.35
0.65  1.0e-2  0.34
0.65  2.0e-2  0.33
0.65  3.0e-2  0.32
0.65  4.0e-2  0.31
0.65  5.0e-2  0.3
0.65  6.0e-2  0.29
0.65  7.0e-2  0.28
0.65  8.0e-2  0.27
0.65  9.0e-2  0.26
0.65  0.1  0.25
0.65  0.11  0.24
0.65  0.12  0.23
0.65  0.13  0.22
0.65  0.14  0.21
0.65  0.15  0.2
0.65  0.16  0.19
0.65  0.17  0.18
0.65  0.18  0.17
0.65  0.19  0.16
0.65  0.2  0.15
0.65  0.21  0.14
0.65  0.22  0.13
0.65  0.23  0.12
0.65  0.24  0.11
0.65  0.25  0.1
0.65  0.26  9.0e-2
0.65  0.27  8.0e-2
0.65  0.28  7.0e-2
0.65  0.29  6.0e-2
0.65  0.3  5.0e-2
0.65  0.31  4.0e-2
0.65  0.32  3.0e-2
0.65  0.33  2.0e-2
0.65  0.34  1.0e-2
0.65  0.35  0.0
0.66  0.0  0.34
0.66  1.0e-2  0.33
0.66  2.0e-2  0.32
0.66  3.0e-2  0.31
0.66  4.0e-2  0.3
0.66  5.0e-2  0.29
0.66  6.0e-2  0.28
0.66  7.0e-2  0.27
0.66  8.0e-2  0.26
0.66  9.0e-2  0.25
0.66  0.1  0.24
0.66  0.11  0.23
0.66  0.12  0.22
0.66  0.13  0.21
0.66  0.14  0.2
0.66  0.15  0.19
0.66  0.16  0.18
0.66  0.17  0.17
0.66  0.18  0.16
0.66  0.19  0.15
0.66  0.2  0.14
0.66  0.21  0.13
0.66  0.22  0.12
0.66  0.23  0.11
0.66  0.24  0.1
0.66  0.25  9.0e-2
0.66  0.26  8.0e-2
0.66  0.27  7.0e-2
0.66  0.28  6.0e-2
0.66  0.29  5.0e-2
0.66  0.3  4.0e-2
0.66  0.31  3.0e-2
0.66  0.32  2.0e-2
0.66  0.33  1.0e-2
0.66  0.34  0.0
0.67  0.0  0.33
0.67  1.0e-2  0.32
0.67  2.0e-2  0.31
0.67  3.0e-2  0.3
0.67  4.0e-2  0.29
0.67  5.0e-2  0.28
0.67  6.0e-2  0.27
0.67  7.0e-2  0.26
0.67  8.0e-2  0.25
0.67  9.0e-2  0.24
0.67  0.1  0.23
0.67  0.11  0.22
0.67  0.12  0.21
0.67  0.13  0.2
0.67  0.14  0.19
0.67  0.15  0.18
0.67  0.16  0.17
0.67  0.17  0.16
0.67  0.18  0.15
0.67  0.19  0.14
0.67  0.2  0.13
0.67  0.21  0.12
0.67  0.22  0.11
0.67  0.23  0.1
0.67  0.24  9.0e-2
0.67  0.25  8.0e-2
0.67  0.26  7.0e-2
0.67  0.27  6.0e-2
0.67  0.28  5.0e-2
0.67  0.29  4.0e-2
0.67  0.3  3.0e-2
0.67  0.31  2.0e-2
0.67  0.32  1.0e-2
0.67  0.33  0.0
0.68  0.0  0.32
0.68  1.0e-2  0.31
0.68  2.0e-2  0.3
0.68  3.0e-2  0.29
0.68  4.0e-2  0.28
0.68  5.0e-2  0.27
0.68  6.0e-2  0.26
0.68  7.0e-2  0.25
0.68  8.0e-2  0.24
0.68  9.0e-2  0.23
0.68  0.1  0.22
0.68  0.11  0.21
0.68  0.12  0.2
0.68  0.13  0.19
0.68  0.14  0.18
0.68  0.15  0.17
0.68  0.16  0.16
0.68  0.17  0.15
0.68  0.18  0.14
0.68  0.19  0.13
0.68  0.2  0.12
0.68  0.21  0.11
0.68  0.22  0.1
0.68  0.23  9.0e-2
0.68  0.24  8.0e-2
0.68  0.25  7.0e-2
0.68  0.26  6.0e-2
0.68  0.27  5.0e-2
0.68  0.28  4.0e-2
0.68  0.29  3.0e-2
0.68  0.3  2.0e-2
0.68  0.31  1.0e-2
0.68  0.32  0.0
0.69  0.0  0.31
0.69  1.0e-2  0.3
0.69  2.0e-2  0.29
0.69  3.0e-2  0.28
0.69  4.0e-2  0.27
0.69  5.0e-2  0.26
0.69  6.0e-2  0.25
0.69  7.0e-2  0.24
0.69  8.0e-2  0.23
0.69  9.0e-2  0.22
0.69  0.1  0.21
0.69  0.11  0.2
0.69  0.12  0.19
0.69  0.13  0.18
0.69  0.14  0.17
0.69  0.15  0.16
0.69  0.16  0.15
0.69  0.17  0.14
0.69  0.18  0.13
0.69  0.19  0.12
0.69  0.2  0.11
0.69  0.21  0.1
0.69  0.22  9.0e-2
0.69  0.23  8.0e-2
0.69  0.24  7.0e-2
0.69  0.25  6.0e-2
0.69  0.26  5.0e-2
0.69  0.27  4.0e-2
0.69  0.28  3.0e-2
0.69  0.29  2.0e-2
0.69  0.3  1.0e-2
0.69  0.31  0.0
0.7  0.0  0.3
0.7  1.0e-2  0.29
0.7  2.0e-2  0.28
0.7  3.0e-2  0.27
0.7  4.0e-2  0.26
0.7  5.0e-2  0.25
0.7  6.0e-2  0.24
0.7  7.0e-2  0.23
0.7  8.0e-2  0.22
0.7  9.0e-2  0.21
0.7  0.1  0.2
0.7  0.11  0.19
0.7  0.12  0.18
0.7  0.13  0.17
0.7  0.14  0.16
0.7  0.15  0.15
0.7  0.16  0.14
0.7  0.17  0.13
0.7  0.18  0.12
0.7  0.19  0.11
0.7  0.2  0.1
0.7  0.21  9.0e-2
0.7  0.22  8.0e-2
0.7  0.23  7.0e-2
0.7  0.24  6.0e-2
0.7  0.25  5.0e-2
0.7  0.26  4.0e-2
0.7  0.27  3.0e-2
0.7  0.28  2.0e-2
0.7  0.29  1.0e-2
0.7  0.3  0.0
0.71  0.0  0.29
0.71  1.0e-2  0.28
0.71  2.0e-2  0.27
0.71  3.0e-2  0.26
0.71  4.0e-2  0.25
0.71  5.0e-2  0.24
0.71  6.0e-2  0.23
0.71  7.0e-2  0.22
0.71  8.0e-2  0.21
0.71  9.0e-2  0.2
0.71  0.1  0.19
0.71  0.11  0.18
0.71  0.12  0.17
0.71  0.13  0.16
0.71  0.14  0.15
0.71  0.15  0.14
0.71  0.16  0.13
0.71  0.17  0.12
0.71  0.18  0.11
0.71  0.19  0.1
0.71  0.2  9.0e-2
0.71  0.21  8.0e-2
0.71  0.22  7.0e-2
0.71  0.23  6.0e-2
0.71  0.24  5.0e-2
0.71  0.25  4.0e-2
0.71  0.26  3.0e-2
0.71  0.27  2.0e-2
0.71  0.28  1.0e-2
0.71  0.29  0.0
0.72  0.0  0.28
0.72  1.0e-2  0.27
0.72  2.0e-2  0.26
0.72  3.0e-2  0.25
0.72  4.0e-2  0.24
0.72  5.0e-2  0.23
0.72  6.0e-2  0.22
0.72  7.0e-2  0.21
0.72  8.0e-2  0.2
0.72  9.0e-2  0.19
0.72  0.1  0.18
0.72  0.11  0.17
0.72  0.12  0.16
0.72  0.13  0.15
0.72  0.14  0.14
0.72  0.15  0.13
0.72  0.16  0.12
0.72  0.17  0.11
0.72  0.18  0.1
0.72  0.19  9.0e-2
0.72  0.2  8.0e-2
0.72  0.21  7.0e-2
0.72  0.22  6.0e-2
0.72  0.23  5.0e-2
0.72  0.24  4.0e-2
0.72  0.25  3.0e-2
0.72  0.26  2.0e-2
0.72  0.27  1.0e-2
0.72  0.28  0.0
0.73  0.0  0.27
0.73  1.0e-2  0.26
0.73  2.0e-2  0.25
0.73  3.0e-2  0.24
0.73  4.0e-2  0.23
0.73  5.0e-2  0.22
0.73  6.0e-2  0.21
0.73  7.0e-2  0.2
0.73  8.0e-2  0.19
0.73  9.0e-2  0.18
0.73  0.1  0.17
0.73  0.11  0.16
0.73  0.12  0.15
0.73  0.13  0.14
0.73  0.14  0.13
0.73  0.15  0.12
0.73  0.16  0.11
0.73  0.17  0.1
0.73  0.18  9.0e-2
0.73  0.19  8.0e-2
0.73  0.2  7.0e-2
0.73  0.21  6.0e-2
0.73  0.22  5.0e-2
0.73  0.23  4.0e-2
0.73  0.24  3.0e-2
0.73  0.25  2.0e-2
0.73  0.26  1.0e-2
0.73  0.27  0.0
0.74  0.0  0.26
0.74  1.0e-2  0.25
0.74  2.0e-2  0.24
0.74  3.0e-2  0.23
0.74  4.0e-2  0.22
0.74  5.0e-2  0.21
0.74  6.0e-2  0.2
0.74  7.0e-2  0.19
0.74  8.0e-2  0.18
0.74  9.0e-2  0.17
0.74  0.1  0.16
0.74  0.11  0.15
0.74  0.12  0.14
0.74  0.13  0.13
0.74  0.14  0.12
0.74  0.15  0.11
0.74  0.16  0.1
0.74  0.17  9.0e-2
0.74  0.18  8.0e-2
0.74  0.19  7.0e-2
0.74  0.2  6.0e-2
0.74  0.21  5.0e-2
0.74  0.22  4.0e-2
0.74  0.23  3.0e-2
0.74  0.24  2.0e-2
0.74  0.25  1.0e-2
0.74  0.26  0.0
0.75  0.0  0.25
0.75  1.0e-2  0.24
0.75  2.0e-2  0.23
0.75  3.0e-2  0.22
0.75  4.0e-2  0.21
0.75  5.0e-2  0.2
0.75  6.0e-2  0.19
0.75  7.0e-2  0.18
0.75  8.0e-2  0.17
0.75  9.0e-2  0.16
0.75  0.1  0.15
0.75  0.11  0.14
0.75  0.12  0.13
0.75  0.13  0.12
0.75  0.14  0.11
0.75  0.15  0.1
0.75  0.16  9.0e-2
0.75  0.17  8.0e-2
0.75  0.18  7.0e-2
0.75  0.19  6.0e-2
0.75  0.2  5.0e-2
0.75  0.21  4.0e-2
0.75  0.22  3.0e-2
0.75  0.23  2.0e-2
0.75  0.24  1.0e-2
0.75  0.25  0.0
0.76  0.0  0.24
0.76  1.0e-2  0.23
0.76  2.0e-2  0.22
0.76  3.0e-2  0.21
0.76  4.0e-2  0.2
0.76  5.0e-2  0.19
0.76  6.0e-2  0.18
0.76  7.0e-2  0.17
0.76  8.0e-2  0.16
0.76  9.0e-2  0.15
0.76  0.1  0.14
0.76  0.11  0.13
0.76  0.12  0.12
0.76  0.13  0.11
0.76  0.14  0.1
0.76  0.15  9.0e-2
0.76  0.16  8.0e-2
0.76  0.17  7.0e-2
0.76  0.18  6.0e-2
0.76  0.19  5.0e-2
0.76  0.2  4.0e-2
0.76  0.21  3.0e-2
0.76  0.22  2.0e-2
0.76  0.23  1.0e-2
0.76  0.24  0.0
0.77  0.0  0.23
0.77  1.0e-2  0.22
0.77  2.0e-2  0.21
0.77  3.0e-2  0.2
0.77  4.0e-2  0.19
0.77  5.0e-2  0.18
0.77  6.0e-2  0.17
0.77  7.0e-2  0.16
0.77  8.0e-2  0.15
0.77  9.0e-2  0.14
0.77  0.1  0.13
0.77  0.11  0.12
0.77  0.12  0.11
0.77  0.13  0.1
0.77  0.14  9.0e-2
0.77  0.15  8.0e-2
0.77  0.16  7.0e-2
0.77  0.17  6.0e-2
0.77  0.18  5.0e-2
0.77  0.19  4.0e-2
0.77  0.2  3.0e-2
0.77  0.21  2.0e-2
0.77  0.22  1.0e-2
0.77  0.23  0.0
0.78  0.0  0.22
0.78  1.0e-2  0.21
0.78  2.0e-2  0.2
0.78  3.0e-2  0.19
0.78  4.0e-2  0.18
0.78  5.0e-2  0.17
0.78  6.0e-2  0.16
0.78  7.0e-2  0.15
0.78  8.0e-2  0.14
0.78  9.0e-2  0.13
0.78  0.1  0.12
0.78  0.11  0.11
0.78  0.12  0.1
0.78  0.13  9.0e-2
0.78  0.14  8.0e-2
0.78  0.15  7.0e-2
0.78  0.16  6.0e-2
0.78  0.17  5.0e-2
0.78  0.18  4.0e-2
0.78  0.19  3.0e-2
0.78  0.2  2.0e-2
0.78  0.21  1.0e-2
0.78  0.22  0.0
0.79  0.0  0.21
0.79  1.0e-2  0.2
0.79  2.0e-2  0.19
0.79  3.0e-2  0.18
0.79  4.0e-2  0.17
0.79  5.0e-2  0.16
0.79  6.0e-2  0.15
0.79  7.0e-2  0.14
0.79  8.0e-2  0.13
0.79  9.0e-2  0.12
0.79  0.1  0.11
0.79  0.11  0.1
0.79  0.12  9.0e-2
0.79  0.13  8.0e-2
0.79  0.14  7.0e-2
0.79  0.15  6.0e-2
0.79  0.16  5.0e-2
0.79  0.17  4.0e-2
0.79  0.18  3.0e-2
0.79  0.19  2.0e-2
0.79  0.2  1.0e-2
0.79  0.21  0.0
0.8  0.0  0.2
0.8  1.0e-2  0.19
0.8  2.0e-2  0.18
0.8  3.0e-2  0.17
0.8  4.0e-2  0.16
0.8  5.0e-2  0.15
0.8  6.0e-2  0.14
0.8  7.0e-2  0.13
0.8  8.0e-2  0.12
0.8  9.0e-2  0.11
0.8  0.1  0.1
0.8  0.11  9.0e-2
0.8  0.12  8.0e-2
0.8  0.13  7.0e-2
0.8  0.14  6.0e-2
0.8  0.15  5.0e-2
0.8  0.16  4.0e-2
0.8  0.17  3.0e-2
0.8  0.18  2.0e-2
0.8  0.19  1.0e-2
0.8  0.2  0.0
0.81  0.0  0.19
0.81  1.0e-2  0.18
0.81  2.0e-2  0.17
0.81  3.0e-2  0.16
0.81  4.0e-2  0.15
0.81  5.0e-2  0.14
0.81  6.0e-2  0.13
0.81  7.0e-2  0.12
0.81  8.0e-2  0.11
0.81  9.0e-2  0.1
0.81  0.1  9.0e-2
0.81  0.11  8.0e-2
0.81  0.12  7.0e-2
0.81  0.13  6.0e-2
0.81  0.14  5.0e-2
0.81  0.15  4.0e-2
0.81  0.16  3.0e-2
0.81  0.17  2.0e-2
0.81  0.18  1.0e-2
0.81  0.19  0.0
0.82  0.0  0.18
0.82  1.0e-2  0.17
0.82  2.0e-2  0.16
0.82  3.0e-2  0.15
0.82  4.0e-2  0.14
0.82  5.0e-2  0.13
0.82  6.0e-2  0.12
0.82  7.0e-2  0.11
0.82  8.0e-2  0.1
0.82  9.0e-2  9.0e-2
0.82  0.1  8.0e-2
0.82  0.11  7.0e-2
0.82  0.12  6.0e-2
0.82  0.13  5.0e-2
0.82  0.14  4.0e-2
0.82  0.15  3.0e-2
0.82  0.16  2.0e-2
0.82  0.17  1.0e-2
0.82  0.18  0.0
0.83  0.0  0.17
0.83  1.0e-2  0.16
0.83  2.0e-2  0.15
0.83  3.0e-2  0.14
0.83  4.0e-2  0.13
0.83  5.0e-2  0.12
0.83  6.0e-2  0.11
0.83  7.0e-2  0.1
0.83  8.0e-2  9.0e-2
0.83  9.0e-2  8.0e-2
0.83  0.1  7.0e-2
0.83  0.11  6.0e-2
0.83  0.12  5.0e-2
0.83  0.13  4.0e-2
0.83  0.14  3.0e-2
0.83  0.15  2.0e-2
0.83  0.16  1.0e-2
0.83  0.17  0.0
0.84  0.0  0.16
0.84  1.0e-2  0.15
0.84  2.0e-2  0.14
0.84  3.0e-2  0.13
0.84  4.0e-2  0.12
0.84  5.0e-2  0.11
0.84  6.0e-2  0.1
0.84  7.0e-2  9.0e-2
0.84  8.0e-2  8.0e-2
0.84  9.0e-2  7.0e-2
0.84  0.1  6.0e-2
0.84  0.11  5.0e-2
0.84  0.12  4.0e-2
0.84  0.13  3.0e-2
0.84  0.14  2.0e-2
0.84  0.15  1.0e-2
0.84  0.16  0.0
0.85  0.0  0.15
0.85  1.0e-2  0.14
0.85  2.0e-2  0.13
0.85  3.0e-2  0.12
0.85  4.0e-2  0.11
0.85  5.0e-2  0.1
0.85  6.0e-2  9.0e-2
0.85  7.0e-2  8.0e-2
0.85  8.0e-2  7.0e-2
0.85  9.0e-2  6.0e-2
0.85  0.1  5.0e-2
0.85  0.11  4.0e-2
0.85  0.12  3.0e-2
0.85  0.13  2.0e-2
0.85  0.14  1.0e-2
0.85  0.15  0.0
0.86  0.0  0.14
0.86  1.0e-2  0.13
0.86  2.0e-2  0.12
0.86  3.0e-2  0.11
0.86  4.0e-2  0.1
0.86  5.0e-2  9.0e-2
0.86  6.0e-2  8.0e-2
0.86  7.0e-2  7.0e-2
0.86  8.0e-2  6.0e-2
0.86  9.0e-2  5.0e-2
0.86  0.1  4.0e-2
0.86  0.11  3.0e-2
0.86  0.12  2.0e-2
0.86  0.13  1.0e-2
0.86  0.14  0.0
0.87  0.0  0.13
0.87  1.0e-2  0.12
0.87  2.0e-2  0.11
0.87  3.0e-2  0.1
0.87  4.0e-2  9.0e-2
0.87  5.0e-2  8.0e-2
0.87  6.0e-2  7.0e-2
0.87  7.0e-2  6.0e-2
0.87  8.0e-2  5.0e-2
0.87  9.0e-2  4.0e-2
0.87  0.1  3.0e-2
0.87  0.11  2.0e-2
0.87  0.12  1.0e-2
0.87  0.13  0.0
0.88  0.0  0.12
0.88  1.0e-2  0.11
0.88  2.0e-2  0.1
0.88  3.0e-2  9.0e-2
0.88  4.0e-2  8.0e-2
0.88  5.0e-2  7.0e-2
0.88  6.0e-2  6.0e-2
0.88  7.0e-2  5.0e-2
0.88  8.0e-2  4.0e-2
0.88  9.0e-2  3.0e-2
0.88  0.1  2.0e-2
0.88  0.11  1.0e-2
0.88  0.12  0.0
0.89  0.0  0.11
0.89  1.0e-2  0.1
0.89  2.0e-2  9.0e-2
0.89  3.0e-2  8.0e-2
0.89  4.0e-2  7.0e-2
0.89  5.0e-2  6.0e-2
0.89  6.0e-2  5.0e-2
0.89  7.0e-2  4.0e-2
0.89  8.0e-2  3.0e-2
0.89  9.0e-2  2.0e-2
0.89  0.1  1.0e-2
0.89  0.11  0.0
0.9  0.0  0.1
0.9  1.0e-2  9.0e-2
0.9  2.0e-2  8.0e-2
0.9  3.0e-2  7.0e-2
0.9  4.0e-2  6.0e-2
0.9  5.0e-2  5.0e-2
0.9  6.0e-2  4.0e-2
0.9  7.0e-2  3.0e-2
0.9  8.0e-2  2.0e-2
0.9  9.0e-2  1.0e-2
0.9  0.1  0.0
0.91  0.0  9.0e-2
0.91  1.0e-2  8.0e-2
0.91  2.0e-2  7.0e-2
0.91  3.0e-2  6.0e-2
0.91  4.0e-2  5.0e-2
0.91  5.0e-2  4.0e-2
0.91  6.0e-2  3.0e-2
0.91  7.0e-2  2.0e-2
0.91  8.0e-2  1.0e-2
0.91  9.0e-2  0.0
0.92  0.0  8.0e-2
0.92  1.0e-2  7.0e-2
0.92  2.0e-2  6.0e-2
0.92  3.0e-2  5.0e-2
0.92  4.0e-2  4.0e-2
0.92  5.0e-2  3.0e-2
0.92  6.0e-2  2.0e-2
0.92  7.0e-2  1.0e-2
0.92  8.0e-2  0.0
0.93  0.0  7.0e-2
0.93  1.0e-2  6.0e-2
0.93  2.0e-2  5.0e-2
0.93  3.0e-2  4.0e-2
0.93  4.0e-2  3.0e-2
0.93  5.0e-2  2.0e-2
0.93  6.0e-2  1.0e-2
0.93  7.0e-2  0.0
0.94  0.0  6.0e-2
0.94  1.0e-2  5.0e-2
0.94  2.0e-2  4.0e-2
0.94  3.0e-2  3.0e-2
0.94  4.0e-2  2.0e-2
0.94  5.0e-2  1.0e-2
0.94  6.0e-2  0.0
0.95  0.0  5.0e-2
0.95  1.0e-2  4.0e-2
0.95  2.0e-2  3.0e-2
0.95  3.0e-2  2.0e-2
0.95  4.0e-2  1.0e-2
0.95  5.0e-2  0.0
0.96  0.0  4.0e-2
0.96  1.0e-2  3.0e-2
0.96  2.0e-2  2.0e-2
0.96  3.0e-2  1.0e-2
0.96  4.0e-2  0.0
0.97  0.0  3.0e-2
0.97  1.0e-2  2.0e-2
0.97  2.0e-2  1.0e-2
0.97  3.0e-2  0.0
0.98  0.0  2.0e-2
0.98  1.0e-2  1.0e-2
0.98  2.0e-2  0.0
0.99  0.0  1.0e-2
0.99  1.0e-2  0.0
1.0  0.0  0.0
